# t MDEC_CT MIXS2 a state off enabled CA FEGv low band
0 c425 -78574 000 3 0 1 6920 1bff 39287 80590
1 c424 -103866 008 3 0 1 6921 1bff 51933 50679
2 c423 -116380 008 3 0 1 6923 1bff 58190 25075
3 c422 -118526 010 3 0 1 6924 1bff 59263 4299
4 c421 -112758 010 3 0 1 6926 1bff 56379 -11561
5 c420 -101410 018 3 0 1 6927 1bff 50705 -22744
6 c41f -86580 018 3 0 1 6929 1bff 43290 -29721
7 c41e -70060 020 3 0 1 6930 1bff 35030 -33107
8 c41d -53300 020 3 0 1 6932 1bff 26650 -33588
9 c41c -37404 028 3 0 1 6933 1bff 18702 -31857
10 c41b -23146 028 3 0 1 6935 1bff 11573 -28575
11 c41a -11004 030 3 0 1 6936 1bff 5502 -24334
12 c419 -1206 030 3 0 1 6938 1bff 603 -19636
13 c418 6222 038 3 0 1 6939 1bff -3111 -14888
14 c417 11410 038 3 0 1 6941 1bff -5705 -10398
15 c416 14594 040 3 0 1 6942 1bff -7297 -6381
16 c415 16074 040 3 0 1 6944 1bff -8037 -2969
17 c414 16184 048 3 0 1 6945 1bff -8092 -224
18 c413 15260 048 3 0 1 6947 1bff -7630 1850
19 c412 13616 050 3 0 1 6948 1bff -6808 3292
20 c411 11534 050 3 0 1 6950 1bff -5767 4169
21 c410 9254 058 3 0 1 6951 1bff -4627 4567
22 c40f 6966 058 3 0 1 6953 1bff -3483 4581
23 c40e 4816 060 3 0 1 6954 1bff -2408 4306
24 c40d 2902 060 3 0 1 6956 1bff -1451 3832
25 c40c 1286 068 3 0 1 6957 1bff -643 3237
26 c40b -6 068 3 0 1 6959 1bff 3 2589
27 c40a -976 070 3 0 1 6960 1bff 488 1942
28 c409 -1644 070 3 0 1 6962 1bff 822 1335
29 c408 -2042 078 3 0 1 6963 1bff 1021 796
30 c407 -2214 078 3 0 1 6965 1bff 1107 342
31 c406 -2206 080 3 0 1 6966 1bff 1103 -20
32 c405 -2062 080 3 0 1 6968 1bff 1031 -291
33 c404 -1826 088 3 0 1 6969 1bff 913 -476
34 c403 -1534 088 3 0 1 6971 1bff 767 -586
35 c402 -1220 090 3 0 1 6972 1bff 610 -632
36 c401 -908 090 3 0 1 6974 1bff 454 -627
37 c400 -618 098 3 0 1 6975 1bff 309 -585
38 c3ff -362 098 3 0 1 6977 1bff 181 -517
39 c3fe -146 0a0 3 0 1 6978 1bff 73 -434
40 c3fd 24 0a0 3 0 1 6980 1bff -12 -344
41 c3fc 150 0a8 3 0 1 6981 1bff -75 -256
42 c3fb 236 0a8 3 0 1 6983 1bff -118 -174
43 c3fa 286 0b0 3 0 1 6984 1bff -143 -102
44 c3f9 306 0b0 3 0 1 6986 1bff -153 -41
45 c3f8 302 0b8 3 0 1 6987 1bff -151 7
46 c3f7 280 0b8 3 0 1 6989 1bff -140 42
47 c3f6 246 0c0 3 0 1 6990 1bff -123 66
48 c3f5 206 0c0 3 0 1 6992 1bff -103 80
49 c3f4 162 0c8 3 0 1 6993 1bff -81 85
50 c3f3 120 0c8 3 0 1 6995 1bff -60 83
51 c3f2 80 0d0 3 0 1 6996 1bff -40 77
52 c3f1 46 0d0 3 0 1 6998 1bff -23 67
53 c3f0 18 0d8 3 0 1 6999 1bff -9 55
54 c3ef -4 0d8 3 0 1 7001 1bff 2 43
55 c3ee -20 0e0 3 0 1 7002 1bff 10 31
56 c3ed -30 0e0 3 0 1 7004 1bff 15 20
57 c3ec -36 0e8 3 0 1 7005 1bff 18 11
58 c3eb -38 0e8 3 0 1 7007 1bff 19 3
59 c3ea -38 0f0 3 0 1 7008 1bff 19 -3
60 c3e9 -36 0f0 3 0 1 7010 1bff 18 -8
61 c3e8 -32 0f8 3 0 1 7011 1bff 16 -11
62 c3e7 -26 0f8 3 0 1 7013 1bff 13 -13
63 c3e6 -20 100 3 0 1 7014 1bff 10 -14
64 c3e5 -14 100 3 0 1 7016 1bff 7 -14
65 c3e4 -8 108 3 0 1 7017 1bff 4 -13
66 c3e3 -4 108 3 0 1 7019 1bff 2 -12
67 c3e2 0 110 3 0 1 7020 1bff 0 -10
68 c3e1 2 110 3 0 1 7022 1bff -1 -8
69 c3e0 4 118 3 0 1 7023 1bff -2 -6
70 c3df 6 118 3 0 1 7025 1bff -3 -5
71 c3de 6 120 3 0 1 7026 1bff -3 -4
72 c3dd 6 120 3 0 1 7028 1bff -3 -3
73 c3dc 6 128 3 0 1 7029 1bff -3 -2
74 c3db 6 128 3 0 1 7031 1bff -3 -1
75 c3da 6 130 3 0 1 7032 1bff -3 -1
76 c3d9 6 130 3 0 1 7034 1bff -3 -1
77 c3d8 6 138 3 0 1 7035 1bff -3 -1
78 c3d7 6 138 3 0 1 7037 1bff -3 -1
79 c3d6 6 140 3 0 1 7038 1bff -3 -1
80 c3d5 6 140 3 0 1 7040 1bff -3 -1
81 c3d4 6 148 3 0 1 7041 1bff -3 -1
82 c3d3 6 148 3 0 1 7043 1bff -3 -1
83 c3d2 6 150 3 0 1 7044 1bff -3 -1
84 c3d1 6 150 3 0 1 7046 1bff -3 -1
85 c3d0 6 158 3 0 1 7047 1bff -3 -1
86 c3cf 6 158 3 0 1 7049 1bff -3 -1
87 c3ce 6 160 3 0 1 7050 1bff -3 -1
88 c3cd 6 160 3 0 1 7052 1bff -3 -1
89 c3cc 6 168 3 0 1 7053 1bff -3 -1
90 c3cb 6 168 3 0 1 7055 1bff -3 -1
91 c3ca 6 170 3 0 1 7056 1bff -3 -1
92 c3c9 6 170 3 0 1 7058 1bff -3 -1
93 c3c8 6 178 3 0 1 7059 1bff -3 -1
94 c3c7 6 178 3 0 1 7061 1bff -3 -1
95 c3c6 6 180 3 0 1 7062 1bff -3 -1
96 c3c5 6 180 3 0 1 7064 1bff -3 -1
97 c3c4 6 188 3 0 1 7065 1bff -3 -1
98 c3c3 6 188 3 0 1 7067 1bff -3 -1
99 c3c2 6 190 3 0 1 7068 1bff -3 -1
100 c3c1 6 190 3 0 1 7070 1bff -3 -1
101 c3c0 6 198 3 0 1 7071 1bff -3 -1
102 c3bf 6 198 3 0 1 7073 1bff -3 -1
103 c3be 6 1a0 3 0 1 7074 1bff -3 -1
104 c3bd 6 1a0 3 0 1 7076 1bff -3 -1
105 c3bc 6 1a8 3 0 1 7077 1bff -3 -1
106 c3bb 6 1a8 3 0 1 7079 1bff -3 -1
107 c3ba 6 1b0 3 0 1 7080 1bff -3 -1
108 c3b9 6 1b0 3 0 1 7082 1bff -3 -1
109 c3b8 6 1b8 3 0 1 7083 1bff -3 -1
110 c3b7 6 1b8 3 0 1 7085 1bff -3 -1
111 c3b6 6 1c0 3 0 1 7086 1bff -3 -1
112 c3b5 6 1c0 3 0 1 7088 1bff -3 -1
113 c3b4 6 1c8 3 0 1 7089 1bff -3 -1
114 c3b3 6 1c8 3 0 1 7091 1bff -3 -1
115 c3b2 6 1d0 3 0 1 7092 1bff -3 -1
116 c3b1 6 1d0 3 0 1 7094 1bff -3 -1
117 c3b0 6 1d8 3 0 1 7095 1bff -3 -1
118 c3af 6 1d8 3 0 1 7097 1bff -3 -1
119 c3ae 6 1e0 3 0 1 7098 1bff -3 -1
120 c3ad 6 1e0 3 0 1 7100 1bff -3 -1
121 c3ac 6 1e8 3 0 1 7101 1bff -3 -1
122 c3ab 6 1e8 3 0 1 7103 1bff -3 -1
123 c3aa 6 1f0 3 0 1 7104 1bff -3 -1
124 c3a9 6 1f0 3 0 1 7106 1bff -3 -1
125 c3a8 6 1f8 3 0 1 7107 1bff -3 -1
126 c3a7 6 1f8 3 0 1 7109 1bff -3 -1
127 c3a6 6 200 3 0 1 7110 1bff -3 -1
128 c3a5 6 200 3 0 1 7112 1bff -3 -1
129 c3a4 6 208 3 0 1 7113 1bff -3 -1
130 c3a3 6 208 3 0 1 7115 1bff -3 -1
131 c3a2 6 210 3 0 1 7116 1bff -3 -1
132 c3a1 6 210 3 0 1 7118 1bff -3 -1
133 c3a0 6 218 3 0 1 7119 1bff -3 -1
134 c39f 6 218 3 0 1 7121 1bff -3 -1
135 c39e 6 220 3 0 1 7122 1bff -3 -1
136 c39d 6 220 3 0 1 7124 1bff -3 -1
137 c39c 6 228 3 0 1 7125 1bff -3 -1
138 c39b 6 228 3 0 1 7127 1bff -3 -1
139 c39a 6 230 3 0 1 7128 1bff -3 -1
140 c399 6 230 3 0 1 7130 1bff -3 -1
141 c398 6 238 3 0 1 7131 1bff -3 -1
142 c397 6 238 3 0 1 7133 1bff -3 -1
143 c396 6 240 3 0 1 7134 1bff -3 -1
144 c395 6 240 3 0 1 7136 1bff -3 -1
145 c394 6 248 3 0 1 7137 1bff -3 -1
146 c393 6 248 3 0 1 7139 1bff -3 -1
147 c392 6 250 3 0 1 7140 1bff -3 -1
148 c391 6 250 3 0 1 7142 1bff -3 -1
149 c390 6 258 3 0 1 7143 1bff -3 -1
150 c38f 6 258 3 0 1 7145 1bff -3 -1
151 c38e 6 260 3 0 1 7146 1bff -3 -1
152 c38d 6 260 3 0 1 7148 1bff -3 -1
153 c38c 6 268 3 0 1 7149 1bff -3 -1
154 c38b 6 268 3 0 1 7151 1bff -3 -1
155 c38a 6 270 3 0 1 7152 1bff -3 -1
156 c389 6 270 3 0 1 7154 1bff -3 -1
157 c388 6 278 3 0 1 7155 1bff -3 -1
158 c387 6 278 3 0 1 7157 1bff -3 -1
159 c386 6 280 3 0 1 7158 1bff -3 -1
160 c385 6 280 3 0 1 7160 1bff -3 -1
161 c384 6 288 3 0 1 7161 1bff -3 -1
162 c383 6 288 3 0 1 7163 1bff -3 -1
163 c382 6 290 3 0 1 7164 1bff -3 -1
164 c381 6 290 3 0 1 7166 1bff -3 -1
165 c380 6 298 3 0 1 7167 1bff -3 -1
166 c37f 6 298 3 0 1 7169 1bff -3 -1
167 c37e 6 2a0 3 0 1 7170 1bff -3 -1
168 c37d 6 2a0 3 0 1 7172 1bff -3 -1
169 c37c 6 2a8 3 0 1 7173 1bff -3 -1
170 c37b 6 2a8 3 0 1 7175 1bff -3 -1
171 c37a 6 2b0 3 0 1 7176 1bff -3 -1
172 c379 6 2b0 3 0 1 7178 1bff -3 -1
173 c378 6 2b8 3 0 1 7179 1bff -3 -1
174 c377 6 2b8 3 0 1 7181 1bff -3 -1
175 c376 6 2c0 3 0 1 7182 1bff -3 -1
176 c375 6 2c0 3 0 1 7184 1bff -3 -1
177 c374 6 2c8 3 0 1 7185 1bff -3 -1
178 c373 6 2c8 3 0 1 7187 1bff -3 -1
179 c372 6 2d0 3 0 1 7188 1bff -3 -1
180 c371 6 2d0 3 0 1 7190 1bff -3 -1
181 c370 6 2d8 3 0 1 7191 1bff -3 -1
182 c36f 6 2d8 3 0 1 7193 1bff -3 -1
183 c36e 6 2e0 3 0 1 7194 1bff -3 -1
184 c36d 6 2e0 3 0 1 7196 1bff -3 -1
185 c36c 6 2e8 3 0 1 7197 1bff -3 -1
186 c36b 6 2e8 3 0 1 7199 1bff -3 -1
187 c36a 6 2f0 3 0 1 7200 1bff -3 -1
188 c369 6 2f0 3 0 1 7202 1bff -3 -1
189 c368 6 2f8 3 0 1 7203 1bff -3 -1
190 c367 6 2f8 3 0 1 7205 1bff -3 -1
191 c366 6 300 3 0 1 7206 1bff -3 -1
192 c365 6 300 3 0 1 7208 1bff -3 -1
193 c364 6 308 3 0 1 7209 1bff -3 -1
194 c363 6 308 3 0 1 7211 1bff -3 -1
195 c362 6 310 3 0 1 7212 1bff -3 -1
196 c361 6 310 3 0 1 7214 1bff -3 -1
197 c360 6 318 3 0 1 7215 1bff -3 -1
198 c35f 6 318 3 0 1 7217 1bff -3 -1
199 c35e 6 320 3 0 1 7218 1bff -3 -1
200 c35d 6 320 3 0 1 7220 1bff -3 -1
201 c35c 6 328 3 0 1 7221 1bff -3 -1
202 c35b 6 328 3 0 1 7223 1bff -3 -1
203 c35a 6 330 3 0 1 7224 1bff -3 -1
204 c359 6 330 3 0 1 7226 1bff -3 -1
205 c358 6 338 3 0 1 7227 1bff -3 -1
206 c357 6 338 3 0 1 7229 1bff -3 -1
207 c356 6 340 3 0 1 7230 1bff -3 -1
208 c355 6 340 3 0 1 7232 1bff -3 -1
209 c354 6 348 3 0 1 7233 1bff -3 -1
210 c353 6 348 3 0 1 7235 1bff -3 -1
211 c352 6 350 3 0 1 7236 1bff -3 -1
212 c351 6 350 3 0 1 7238 1bff -3 -1
213 c350 6 358 3 0 1 7239 1bff -3 -1
214 c34f 6 358 3 0 1 7241 1bff -3 -1
215 c34e 6 360 3 0 1 7242 1bff -3 -1
216 c34d 6 360 3 0 1 7244 1bff -3 -1
217 c34c 6 368 3 0 1 7245 1bff -3 -1
218 c34b 6 368 3 0 1 7247 1bff -3 -1
219 c34a 6 370 3 0 1 7248 1bff -3 -1
220 c349 6 370 3 0 1 7250 1bff -3 -1
221 c348 6 378 3 0 1 7251 1bff -3 -1
222 c347 6 378 3 0 1 7253 1bff -3 -1
223 c346 6 380 3 0 1 7254 1bff -3 -1
224 c345 6 380 3 0 1 7256 1bff -3 -1
225 c344 6 388 3 0 1 7257 1bff -3 -1
226 c343 6 388 3 0 1 7259 1bff -3 -1
227 c342 6 390 3 0 1 7260 1bff -3 -1
228 c341 6 390 3 0 1 7262 1bff -3 -1
229 c340 6 398 3 0 1 7263 1bff -3 -1
230 c33f 6 398 3 0 1 7265 1bff -3 -1
231 c33e 6 3a0 3 0 1 7266 1bff -3 -1
232 c33d 6 3a0 3 0 1 7268 1bff -3 -1
233 c33c 6 3a8 3 0 1 7269 1bff -3 -1
234 c33b 6 3a8 3 0 1 7271 1bff -3 -1
235 c33a 6 3b0 3 0 1 7272 1bff -3 -1
236 c339 6 3b0 3 0 1 7274 1bff -3 -1
237 c338 6 3b8 3 0 1 7275 1bff -3 -1
238 c337 6 3b8 3 0 1 7277 1bff -3 -1
239 c336 6 3c0 3 0 1 7278 1bff -3 -1
240 c335 6 3c0 3 0 1 7280 1bff -3 -1
241 c334 6 3c8 3 0 1 7281 1bff -3 -1
242 c333 6 3c8 3 0 1 7283 1bff -3 -1
243 c332 6 3d0 3 0 1 7284 1bff -3 -1
244 c331 6 3d0 3 0 1 7286 1bff -3 -1
245 c330 6 3d8 3 0 1 7287 1bff -3 -1
246 c32f 6 3d8 3 0 1 7289 1bff -3 -1
247 c32e 6 3e0 3 0 1 7290 1bff -3 -1
248 c32d 6 3e0 3 0 1 7292 1bff -3 -1
249 c32c 6 3e8 3 0 1 7293 1bff -3 -1
250 c32b 6 3e8 3 0 1 7295 1bff -3 -1
251 c32a 6 3f0 3 0 1 7296 1bff -3 -1
252 c329 6 3f0 3 0 1 7298 1bff -3 -1
253 c328 6 3f8 3 0 1 7299 1bff -3 -1
254 c327 6 3f8 3 0 1 7301 1bff -3 -1
255 c326 6 3ff 3 1 0 0 1bff -3 -1
256 c325 6 3ff 3 1 0 0 1bff -3 -1
257 c324 6 3ff 3 1 0 0 1bff -3 -1
258 c323 6 3ff 3 1 0 0 1bff -3 -1
259 c322 6 3ff 3 1 0 0 1bff -3 -1
260 c321 6 3ff 3 1 0 0 1bff -3 -1
261 c320 6 3ff 3 1 0 0 1bff -3 -1
262 c31f 6 3ff 3 1 0 0 1bff -3 -1
263 c31e 6 3ff 3 1 0 0 1bff -3 -1
264 c31d 6 3ff 3 1 0 0 1bff -3 -1
265 c31c 6 3ff 3 1 0 0 1bff -3 -1
266 c31b 6 3ff 3 1 0 0 1bff -3 -1
267 c31a 6 3ff 3 1 0 0 1bff -3 -1
268 c319 6 3ff 3 1 0 0 1bff -3 -1
269 c318 6 3ff 3 1 0 0 1bff -3 -1
270 c317 6 3ff 3 1 0 0 1bff -3 -1
271 c316 6 3ff 3 1 0 0 1bff -3 -1
272 c315 6 3ff 3 1 0 0 1bff -3 -1
273 c314 6 3ff 3 1 0 0 1bff -3 -1
274 c313 6 3ff 3 1 0 0 1bff -3 -1
275 c312 6 3ff 3 1 0 0 1bff -3 -1
276 c311 6 3ff 3 1 0 0 1bff -3 -1
277 c310 6 3ff 3 1 0 0 1bff -3 -1
278 c30f 6 3ff 3 1 0 0 1bff -3 -1
279 c30e 6 3ff 3 1 0 0 1bff -3 -1
280 c30d 6 3ff 3 1 0 0 1bff -3 -1
281 c30c 6 3ff 3 1 0 0 1bff -3 -1
282 c30b 6 3ff 3 1 0 0 1bff -3 -1
283 c30a 6 3ff 3 1 0 0 1bff -3 -1
284 c309 6 3ff 3 1 0 0 1bff -3 -1
285 c308 6 3ff 3 1 0 0 1bff -3 -1
286 c307 6 3ff 3 1 0 0 1bff -3 -1
287 c306 6 3ff 3 1 0 0 1bff -3 -1
288 c305 6 3ff 3 1 0 0 1bff -3 -1
289 c304 6 3ff 3 1 0 0 1bff -3 -1
290 c303 6 3ff 3 1 0 0 1bff -3 -1
291 c302 6 3ff 3 1 0 0 1bff -3 -1
292 c301 6 3ff 3 1 0 0 1bff -3 -1
293 c300 6 3ff 3 1 0 0 1bff -3 -1
294 c2ff 6 3ff 3 1 0 0 1bff -3 -1
295 c2fe 6 3ff 3 1 0 0 1bff -3 -1
296 c2fd 6 3ff 3 1 0 0 1bff -3 -1
297 c2fc 6 3ff 3 1 0 0 1bff -3 -1
298 c2fb 6 3ff 3 1 0 0 1bff -3 -1
299 c2fa 6 3ff 3 1 0 0 1bff -3 -1
300 c2f9 6 3ff 3 1 0 0 1bff -3 -1
301 c2f8 6 3ff 3 1 0 0 1bff -3 -1
302 c2f7 6 3ff 3 1 0 0 1bff -3 -1
303 c2f6 6 3ff 3 1 0 0 1bff -3 -1
304 c2f5 6 3ff 3 1 0 0 1bff -3 -1
305 c2f4 6 3ff 3 1 0 0 1bff -3 -1
306 c2f3 6 3ff 3 1 0 0 1bff -3 -1
307 c2f2 6 3ff 3 1 0 0 1bff -3 -1
308 c2f1 6 3ff 3 1 0 0 1bff -3 -1
309 c2f0 6 3ff 3 1 0 0 1bff -3 -1
310 c2ef 6 3ff 3 1 0 0 1bff -3 -1
311 c2ee 6 3ff 3 1 0 0 1bff -3 -1
312 c2ed 6 3ff 3 1 0 0 1bff -3 -1
313 c2ec 6 3ff 3 1 0 0 1bff -3 -1
314 c2eb 6 3ff 3 1 0 0 1bff -3 -1
315 c2ea 6 3ff 3 1 0 0 1bff -3 -1
316 c2e9 6 3ff 3 1 0 0 1bff -3 -1
317 c2e8 6 3ff 3 1 0 0 1bff -3 -1
318 c2e7 6 3ff 3 1 0 0 1bff -3 -1
319 c2e6 6 3ff 3 1 0 0 1bff -3 -1
320 c2e5 6 3ff 3 1 0 0 1bff -3 -1
321 c2e4 6 3ff 3 1 0 0 1bff -3 -1
322 c2e3 6 3ff 3 1 0 0 1bff -3 -1
323 c2e2 6 3ff 3 1 0 0 1bff -3 -1
324 c2e1 6 3ff 3 1 0 0 1bff -3 -1
325 c2e0 6 3ff 3 1 0 0 1bff -3 -1
326 c2df 6 3ff 3 1 0 0 1bff -3 -1
327 c2de 6 3ff 3 1 0 0 1bff -3 -1
328 c2dd 6 3ff 3 1 0 0 1bff -3 -1
329 c2dc 6 3ff 3 1 0 0 1bff -3 -1
330 c2db 6 3ff 3 1 0 0 1bff -3 -1
331 c2da 6 3ff 3 1 0 0 1bff -3 -1
332 c2d9 6 3ff 3 1 0 0 1bff -3 -1
333 c2d8 6 3ff 3 1 0 0 1bff -3 -1
334 c2d7 6 3ff 3 1 0 0 1bff -3 -1
335 c2d6 6 3ff 3 1 0 0 1bff -3 -1
336 c2d5 6 3ff 3 1 0 0 1bff -3 -1
337 c2d4 6 3ff 3 1 0 0 1bff -3 -1
338 c2d3 6 3ff 3 1 0 0 1bff -3 -1
339 c2d2 6 3ff 3 1 0 0 1bff -3 -1
340 c2d1 6 3ff 3 1 0 0 1bff -3 -1
341 c2d0 6 3ff 3 1 0 0 1bff -3 -1
342 c2cf 6 3ff 3 1 0 0 1bff -3 -1
343 c2ce 6 3ff 3 1 0 0 1bff -3 -1
344 c2cd 6 3ff 3 1 0 0 1bff -3 -1
345 c2cc 6 3ff 3 1 0 0 1bff -3 -1
346 c2cb 6 3ff 3 1 0 0 1bff -3 -1
347 c2ca 6 3ff 3 1 0 0 1bff -3 -1
348 c2c9 6 3ff 3 1 0 0 1bff -3 -1
349 c2c8 6 3ff 3 1 0 0 1bff -3 -1
350 c2c7 6 3ff 3 1 0 0 1bff -3 -1
351 c2c6 6 3ff 3 1 0 0 1bff -3 -1
352 c2c5 6 3ff 3 1 0 0 1bff -3 -1
353 c2c4 6 3ff 3 1 0 0 1bff -3 -1
354 c2c3 6 3ff 3 1 0 0 1bff -3 -1
355 c2c2 6 3ff 3 1 0 0 1bff -3 -1
356 c2c1 6 3ff 3 1 0 0 1bff -3 -1
357 c2c0 6 3ff 3 1 0 0 1bff -3 -1
358 c2bf 6 3ff 3 1 0 0 1bff -3 -1
359 c2be 6 3ff 3 1 0 0 1bff -3 -1
360 c2bd 6 3ff 3 1 0 0 1bff -3 -1
361 c2bc 6 3ff 3 1 0 0 1bff -3 -1
362 c2bb 6 3ff 3 1 0 0 1bff -3 -1
363 c2ba 6 3ff 3 1 0 0 1bff -3 -1
364 c2b9 6 3ff 3 1 0 0 1bff -3 -1
365 c2b8 6 3ff 3 1 0 0 1bff -3 -1
366 c2b7 6 3ff 3 1 0 0 1bff -3 -1
367 c2b6 6 3ff 3 1 0 0 1bff -3 -1
368 c2b5 6 3ff 3 1 0 0 1bff -3 -1
369 c2b4 6 3ff 3 1 0 0 1bff -3 -1
370 c2b3 6 3ff 3 1 0 0 1bff -3 -1
371 c2b2 6 3ff 3 1 0 0 1bff -3 -1
372 c2b1 6 3ff 3 1 0 0 1bff -3 -1
373 c2b0 6 3ff 3 1 0 0 1bff -3 -1
374 c2af 6 3ff 3 1 0 0 1bff -3 -1
375 c2ae 6 3ff 3 1 0 0 1bff -3 -1
376 c2ad 6 3ff 3 1 0 0 1bff -3 -1
377 c2ac 6 3ff 3 1 0 0 1bff -3 -1
378 c2ab 6 3ff 3 1 0 0 1bff -3 -1
379 c2aa 6 3ff 3 1 0 0 1bff -3 -1
380 c2a9 6 3ff 3 1 0 0 1bff -3 -1
381 c2a8 6 3ff 3 1 0 0 1bff -3 -1
382 c2a7 6 3ff 3 1 0 0 1bff -3 -1
383 c2a6 6 3ff 3 1 0 0 1bff -3 -1
384 c2a5 6 3ff 3 1 0 0 1bff -3 -1
385 c2a4 6 3ff 3 1 0 0 1bff -3 -1
386 c2a3 6 3ff 3 1 0 0 1bff -3 -1
387 c2a2 6 3ff 3 1 0 0 1bff -3 -1
388 c2a1 6 3ff 3 1 0 0 1bff -3 -1
389 c2a0 6 3ff 3 1 0 0 1bff -3 -1
390 c29f 6 3ff 3 1 0 0 1bff -3 -1
391 c29e 6 3ff 3 1 0 0 1bff -3 -1
392 c29d 6 3ff 3 1 0 0 1bff -3 -1
393 c29c 6 3ff 3 1 0 0 1bff -3 -1
394 c29b 6 3ff 3 1 0 0 1bff -3 -1
395 c29a 6 3ff 3 1 0 0 1bff -3 -1
396 c299 6 3ff 3 1 0 0 1bff -3 -1
397 c298 6 3ff 3 1 0 0 1bff -3 -1
398 c297 6 3ff 3 1 0 0 1bff -3 -1
399 c296 6 3ff 3 1 0 0 1bff -3 -1
400 c295 6 3ff 3 1 0 0 1bff -3 -1
401 c294 6 3ff 3 1 0 0 1bff -3 -1
402 c293 6 3ff 3 1 0 0 1bff -3 -1
403 c292 6 3ff 3 1 0 0 1bff -3 -1
404 c291 6 3ff 3 1 0 0 1bff -3 -1
405 c290 6 3ff 3 1 0 0 1bff -3 -1
406 c28f 6 3ff 3 1 0 0 1bff -3 -1
407 c28e 6 3ff 3 1 0 0 1bff -3 -1
408 c28d 6 3ff 3 1 0 0 1bff -3 -1
409 c28c 6 3ff 3 1 0 0 1bff -3 -1
410 c28b 6 3ff 3 1 0 0 1bff -3 -1
411 c28a 6 3ff 3 1 0 0 1bff -3 -1
412 c289 6 3ff 3 1 0 0 1bff -3 -1
413 c288 6 3ff 3 1 0 0 1bff -3 -1
414 c287 6 3ff 3 1 0 0 1bff -3 -1
415 c286 6 3ff 3 1 0 0 1bff -3 -1
416 c285 6 3ff 3 1 0 0 1bff -3 -1
417 c284 6 3ff 3 1 0 0 1bff -3 -1
418 c283 6 3ff 3 1 0 0 1bff -3 -1
419 c282 6 3ff 3 1 0 0 1bff -3 -1
420 c281 6 3ff 3 1 0 0 1bff -3 -1
421 c280 6 3ff 3 1 0 0 1bff -3 -1
422 c27f 6 3ff 3 1 0 0 1bff -3 -1
423 c27e 6 3ff 3 1 0 0 1bff -3 -1
424 c27d 6 3ff 3 1 0 0 1bff -3 -1
425 c27c 6 3ff 3 1 0 0 1bff -3 -1
426 c27b 6 3ff 3 1 0 0 1bff -3 -1
427 c27a 6 3ff 3 1 0 0 1bff -3 -1
428 c279 6 3ff 3 1 0 0 1bff -3 -1
429 c278 6 3ff 3 1 0 0 1bff -3 -1
430 c277 6 3ff 3 1 0 0 1bff -3 -1
431 c276 6 3ff 3 1 0 0 1bff -3 -1
432 c275 6 3ff 3 1 0 0 1bff -3 -1
433 c274 6 3ff 3 1 0 0 1bff -3 -1
434 c273 6 3ff 3 1 0 0 1bff -3 -1
435 c272 6 3ff 3 1 0 0 1bff -3 -1
436 c271 6 3ff 3 1 0 0 1bff -3 -1
437 c270 6 3ff 3 1 0 0 1bff -3 -1
438 c26f 6 3ff 3 1 0 0 1bff -3 -1
439 c26e 6 3ff 3 1 0 0 1bff -3 -1
440 c26d 6 3ff 3 1 0 0 1bff -3 -1
441 c26c 6 3ff 3 1 0 0 1bff -3 -1
442 c26b 6 3ff 3 1 0 0 1bff -3 -1
443 c26a 6 3ff 3 1 0 0 1bff -3 -1
444 c269 6 3ff 3 1 0 0 1bff -3 -1
445 c268 6 3ff 3 1 0 0 1bff -3 -1
446 c267 6 3ff 3 1 0 0 1bff -3 -1
447 c266 6 3ff 3 1 0 0 1bff -3 -1
448 c265 6 3ff 3 1 0 0 1bff -3 -1
449 c264 6 3ff 3 1 0 0 1bff -3 -1
450 c263 6 3ff 3 1 0 0 1bff -3 -1
451 c262 6 3ff 3 1 0 0 1bff -3 -1
452 c261 6 3ff 3 1 0 0 1bff -3 -1
453 c260 6 3ff 3 1 0 0 1bff -3 -1
454 c25f 6 3ff 3 1 0 0 1bff -3 -1
455 c25e 6 3ff 3 1 0 0 1bff -3 -1
456 c25d 6 3ff 3 1 0 0 1bff -3 -1
457 c25c 6 3ff 3 1 0 0 1bff -3 -1
458 c25b 6 3ff 3 1 0 0 1bff -3 -1
459 c25a 6 3ff 3 1 0 0 1bff -3 -1
460 c259 6 3ff 3 1 0 0 1bff -3 -1
461 c258 6 3ff 3 1 0 0 1bff -3 -1
462 c257 6 3ff 3 1 0 0 1bff -3 -1
463 c256 6 3ff 3 1 0 0 1bff -3 -1
464 c255 6 3ff 3 1 0 0 1bff -3 -1
465 c254 6 3ff 3 1 0 0 1bff -3 -1
466 c253 6 3ff 3 1 0 0 1bff -3 -1
467 c252 6 3ff 3 1 0 0 1bff -3 -1
468 c251 6 3ff 3 1 0 0 1bff -3 -1
469 c250 6 3ff 3 1 0 0 1bff -3 -1
470 c24f 6 3ff 3 1 0 0 1bff -3 -1
471 c24e 6 3ff 3 1 0 0 1bff -3 -1
472 c24d 6 3ff 3 1 0 0 1bff -3 -1
473 c24c 6 3ff 3 1 0 0 1bff -3 -1
474 c24b 6 3ff 3 1 0 0 1bff -3 -1
475 c24a 6 3ff 3 1 0 0 1bff -3 -1
476 c249 6 3ff 3 1 0 0 1bff -3 -1
477 c248 6 3ff 3 1 0 0 1bff -3 -1
478 c247 6 3ff 3 1 0 0 1bff -3 -1
479 c246 6 3ff 3 1 0 0 1bff -3 -1
480 c245 6 3ff 3 1 0 0 1bff -3 -1
481 c244 6 3ff 3 1 0 0 1bff -3 -1
482 c243 6 3ff 3 1 0 0 1bff -3 -1
483 c242 6 3ff 3 1 0 0 1bff -3 -1
484 c241 6 3ff 3 1 0 0 1bff -3 -1
485 c240 6 3ff 3 1 0 0 1bff -3 -1
486 c23f 6 3ff 3 1 0 0 1bff -3 -1
487 c23e 6 3ff 3 1 0 0 1bff -3 -1
488 c23d 6 3ff 3 1 0 0 1bff -3 -1
489 c23c 6 3ff 3 1 0 0 1bff -3 -1
490 c23b 6 3ff 3 1 0 0 1bff -3 -1
491 c23a 6 3ff 3 1 0 0 1bff -3 -1
492 c239 6 3ff 3 1 0 0 1bff -3 -1
493 c238 6 3ff 3 1 0 0 1bff -3 -1
494 c237 6 3ff 3 1 0 0 1bff -3 -1
495 c236 6 3ff 3 1 0 0 1bff -3 -1
496 c235 6 3ff 3 1 0 0 1bff -3 -1
497 c234 6 3ff 3 1 0 0 1bff -3 -1
498 c233 6 3ff 3 1 0 0 1bff -3 -1
499 c232 6 3ff 3 1 0 0 1bff -3 -1
500 c231 6 3ff 3 1 0 0 1bff -3 -1
501 c230 6 3ff 3 1 0 0 1bff -3 -1
502 c22f 6 3ff 3 1 0 0 1bff -3 -1
503 c22e 6 3ff 3 1 0 0 1bff -3 -1
504 c22d 6 3ff 3 1 0 0 1bff -3 -1
505 c22c 6 3ff 3 1 0 0 1bff -3 -1
506 c22b 6 3ff 3 1 0 0 1bff -3 -1
507 c22a 6 3ff 3 1 0 0 1bff -3 -1
508 c229 6 3ff 3 1 0 0 1bff -3 -1
509 c228 6 3ff 3 1 0 0 1bff -3 -1
510 c227 6 3ff 3 1 0 0 1bff -3 -1
511 c226 6 3ff 3 1 0 0 1bff -3 -1
512 c225 6 3ff 3 1 0 0 1bff -3 -1
513 c224 6 3ff 3 1 0 0 1bff -3 -1
514 c223 6 3ff 3 1 0 0 1bff -3 -1
515 c222 6 3ff 3 1 0 0 1bff -3 -1
516 c221 6 3ff 3 1 0 0 1bff -3 -1
517 c220 6 3ff 3 1 0 0 1bff -3 -1
518 c21f 6 3ff 3 1 0 0 1bff -3 -1
519 c21e 6 3ff 3 1 0 0 1bff -3 -1
520 c21d 6 3ff 3 1 0 0 1bff -3 -1
521 c21c 6 3ff 3 1 0 0 1bff -3 -1
522 c21b 6 3ff 3 1 0 0 1bff -3 -1
523 c21a 6 3ff 3 1 0 0 1bff -3 -1
524 c219 6 3ff 3 1 0 0 1bff -3 -1
525 c218 6 3ff 3 1 0 0 1bff -3 -1
526 c217 6 3ff 3 1 0 0 1bff -3 -1
527 c216 6 3ff 3 1 0 0 1bff -3 -1
528 c215 6 3ff 3 1 0 0 1bff -3 -1
529 c214 6 3ff 3 1 0 0 1bff -3 -1
530 c213 6 3ff 3 1 0 0 1bff -3 -1
531 c212 6 3ff 3 1 0 0 1bff -3 -1
532 c211 6 3ff 3 1 0 0 1bff -3 -1
533 c210 6 3ff 3 1 0 0 1bff -3 -1
534 c20f 6 3ff 3 1 0 0 1bff -3 -1
535 c20e 6 3ff 3 1 0 0 1bff -3 -1
536 c20d 6 3ff 3 1 0 0 1bff -3 -1
537 c20c 6 3ff 3 1 0 0 1bff -3 -1
538 c20b 6 3ff 3 1 0 0 1bff -3 -1
539 c20a 6 3ff 3 1 0 0 1bff -3 -1
540 c209 6 3ff 3 1 0 0 1bff -3 -1
541 c208 6 3ff 3 1 0 0 1bff -3 -1
542 c207 6 3ff 3 1 0 0 1bff -3 -1
543 c206 6 3ff 3 1 0 0 1bff -3 -1
544 c205 6 3ff 3 1 0 0 1bff -3 -1
545 c204 6 3ff 3 1 0 0 1bff -3 -1
546 c203 6 3ff 3 1 0 0 1bff -3 -1
547 c202 6 3ff 3 1 0 0 1bff -3 -1
548 c201 6 3ff 3 1 0 0 1bff -3 -1
549 c200 6 3ff 3 1 0 0 1bff -3 -1
550 c1ff 6 3ff 3 1 0 0 1bff -3 -1
551 c1fe 6 3ff 3 1 0 0 1bff -3 -1
552 c1fd 6 3ff 3 1 0 0 1bff -3 -1
553 c1fc 6 3ff 3 1 0 0 1bff -3 -1
554 c1fb 6 3ff 3 1 0 0 1bff -3 -1
555 c1fa 6 3ff 3 1 0 0 1bff -3 -1
556 c1f9 6 3ff 3 1 0 0 1bff -3 -1
557 c1f8 6 3ff 3 1 0 0 1bff -3 -1
558 c1f7 6 3ff 3 1 0 0 1bff -3 -1
559 c1f6 6 3ff 3 1 0 0 1bff -3 -1
560 c1f5 6 3ff 3 1 0 0 1bff -3 -1
561 c1f4 6 3ff 3 1 0 0 1bff -3 -1
562 c1f3 6 3ff 3 1 0 0 1bff -3 -1
563 c1f2 6 3ff 3 1 0 0 1bff -3 -1
564 c1f1 6 3ff 3 1 0 0 1bff -3 -1
565 c1f0 6 3ff 3 1 0 0 1bff -3 -1
566 c1ef 6 3ff 3 1 0 0 1bff -3 -1
567 c1ee 6 3ff 3 1 0 0 1bff -3 -1
568 c1ed 6 3ff 3 1 0 0 1bff -3 -1
569 c1ec 6 3ff 3 1 0 0 1bff -3 -1
570 c1eb 6 3ff 3 1 0 0 1bff -3 -1
571 c1ea 6 3ff 3 1 0 0 1bff -3 -1
572 c1e9 6 3ff 3 1 0 0 1bff -3 -1
573 c1e8 6 3ff 3 1 0 0 1bff -3 -1
574 c1e7 6 3ff 3 1 0 0 1bff -3 -1
575 c1e6 6 3ff 3 1 0 0 1bff -3 -1
576 c1e5 6 3ff 3 1 0 0 1bff -3 -1
577 c1e4 6 3ff 3 1 0 0 1bff -3 -1
578 c1e3 6 3ff 3 1 0 0 1bff -3 -1
579 c1e2 6 3ff 3 1 0 0 1bff -3 -1
580 c1e1 6 3ff 3 1 0 0 1bff -3 -1
581 c1e0 6 3ff 3 1 0 0 1bff -3 -1
582 c1df 6 3ff 3 1 0 0 1bff -3 -1
583 c1de 6 3ff 3 1 0 0 1bff -3 -1
584 c1dd 6 3ff 3 1 0 0 1bff -3 -1
585 c1dc 6 3ff 3 1 0 0 1bff -3 -1
586 c1db 6 3ff 3 1 0 0 1bff -3 -1
587 c1da 6 3ff 3 1 0 0 1bff -3 -1
588 c1d9 6 3ff 3 1 0 0 1bff -3 -1
589 c1d8 6 3ff 3 1 0 0 1bff -3 -1
590 c1d7 6 3ff 3 1 0 0 1bff -3 -1
591 c1d6 6 3ff 3 1 0 0 1bff -3 -1
592 c1d5 6 3ff 3 1 0 0 1bff -3 -1
593 c1d4 6 3ff 3 1 0 0 1bff -3 -1
594 c1d3 6 3ff 3 1 0 0 1bff -3 -1
595 c1d2 6 3ff 3 1 0 0 1bff -3 -1
596 c1d1 6 3ff 3 1 0 0 1bff -3 -1
597 c1d0 6 3ff 3 1 0 0 1bff -3 -1
598 c1cf 6 3ff 3 1 0 0 1bff -3 -1
599 c1ce 6 3ff 3 1 0 0 1bff -3 -1
600 c1cd 6 3ff 3 1 0 0 1bff -3 -1
601 c1cc 6 3ff 3 1 0 0 1bff -3 -1
602 c1cb 6 3ff 3 1 0 0 1bff -3 -1
603 c1ca 6 3ff 3 1 0 0 1bff -3 -1
604 c1c9 6 3ff 3 1 0 0 1bff -3 -1
605 c1c8 6 3ff 3 1 0 0 1bff -3 -1
606 c1c7 6 3ff 3 1 0 0 1bff -3 -1
607 c1c6 6 3ff 3 1 0 0 1bff -3 -1
608 c1c5 6 3ff 3 1 0 0 1bff -3 -1
609 c1c4 6 3ff 3 1 0 0 1bff -3 -1
610 c1c3 6 3ff 3 1 0 0 1bff -3 -1
611 c1c2 6 3ff 3 1 0 0 1bff -3 -1
612 c1c1 6 3ff 3 1 0 0 1bff -3 -1
613 c1c0 6 3ff 3 1 0 0 1bff -3 -1
614 c1bf 6 3ff 3 1 0 0 1bff -3 -1
615 c1be 6 3ff 3 1 0 0 1bff -3 -1
616 c1bd 6 3ff 3 1 0 0 1bff -3 -1
617 c1bc 6 3ff 3 1 0 0 1bff -3 -1
618 c1bb 6 3ff 3 1 0 0 1bff -3 -1
619 c1ba 6 3ff 3 1 0 0 1bff -3 -1
620 c1b9 6 3ff 3 1 0 0 1bff -3 -1
621 c1b8 6 3ff 3 1 0 0 1bff -3 -1
622 c1b7 6 3ff 3 1 0 0 1bff -3 -1
623 c1b6 6 3ff 3 1 0 0 1bff -3 -1
624 c1b5 6 3ff 3 1 0 0 1bff -3 -1
625 c1b4 6 3ff 3 1 0 0 1bff -3 -1
626 c1b3 6 3ff 3 1 0 0 1bff -3 -1
627 c1b2 6 3ff 3 1 0 0 1bff -3 -1
628 c1b1 6 3ff 3 1 0 0 1bff -3 -1
629 c1b0 6 3ff 3 1 0 0 1bff -3 -1
630 c1af 6 3ff 3 1 0 0 1bff -3 -1
631 c1ae 6 3ff 3 1 0 0 1bff -3 -1
632 c1ad 6 3ff 3 1 0 0 1bff -3 -1
633 c1ac 6 3ff 3 1 0 0 1bff -3 -1
634 c1ab 6 3ff 3 1 0 0 1bff -3 -1
635 c1aa 6 3ff 3 1 0 0 1bff -3 -1
636 c1a9 6 3ff 3 1 0 0 1bff -3 -1
637 c1a8 6 3ff 3 1 0 0 1bff -3 -1
638 c1a7 6 3ff 3 1 0 0 1bff -3 -1
639 c1a6 6 3ff 3 1 0 0 1bff -3 -1
640 c1a5 6 3ff 3 1 0 0 1bff -3 -1
641 c1a4 6 3ff 3 1 0 0 1bff -3 -1
642 c1a3 6 3ff 3 1 0 0 1bff -3 -1
643 c1a2 6 3ff 3 1 0 0 1bff -3 -1
644 c1a1 6 3ff 3 1 0 0 1bff -3 -1
645 c1a0 6 3ff 3 1 0 0 1bff -3 -1
646 c19f 6 3ff 3 1 0 0 1bff -3 -1
647 c19e 6 3ff 3 1 0 0 1bff -3 -1
648 c19d 6 3ff 3 1 0 0 1bff -3 -1
649 c19c 6 3ff 3 1 0 0 1bff -3 -1
650 c19b 6 3ff 3 1 0 0 1bff -3 -1
651 c19a 6 3ff 3 1 0 0 1bff -3 -1
652 c199 6 3ff 3 1 0 0 1bff -3 -1
653 c198 6 3ff 3 1 0 0 1bff -3 -1
654 c197 6 3ff 3 1 0 0 1bff -3 -1
655 c196 6 3ff 3 1 0 0 1bff -3 -1
656 c195 6 3ff 3 1 0 0 1bff -3 -1
657 c194 6 3ff 3 1 0 0 1bff -3 -1
658 c193 6 3ff 3 1 0 0 1bff -3 -1
659 c192 6 3ff 3 1 0 0 1bff -3 -1
660 c191 6 3ff 3 1 0 0 1bff -3 -1
661 c190 6 3ff 3 1 0 0 1bff -3 -1
662 c18f 6 3ff 3 1 0 0 1bff -3 -1
663 c18e 6 3ff 3 1 0 0 1bff -3 -1
664 c18d 6 3ff 3 1 0 0 1bff -3 -1
665 c18c 6 3ff 3 1 0 0 1bff -3 -1
666 c18b 6 3ff 3 1 0 0 1bff -3 -1
667 c18a 6 3ff 3 1 0 0 1bff -3 -1
668 c189 6 3ff 3 1 0 0 1bff -3 -1
669 c188 6 3ff 3 1 0 0 1bff -3 -1
670 c187 6 3ff 3 1 0 0 1bff -3 -1
671 c186 6 3ff 3 1 0 0 1bff -3 -1
672 c185 6 3ff 3 1 0 0 1bff -3 -1
673 c184 6 3ff 3 1 0 0 1bff -3 -1
674 c183 6 3ff 3 1 0 0 1bff -3 -1
675 c182 6 3ff 3 1 0 0 1bff -3 -1
676 c181 6 3ff 3 1 0 0 1bff -3 -1
677 c180 6 3ff 3 1 0 0 1bff -3 -1
678 c17f 6 3ff 3 1 0 0 1bff -3 -1
679 c17e 6 3ff 3 1 0 0 1bff -3 -1
680 c17d 6 3ff 3 1 0 0 1bff -3 -1
681 c17c 6 3ff 3 1 0 0 1bff -3 -1
682 c17b 6 3ff 3 1 0 0 1bff -3 -1
683 c17a 6 3ff 3 1 0 0 1bff -3 -1
684 c179 6 3ff 3 1 0 0 1bff -3 -1
685 c178 6 3ff 3 1 0 0 1bff -3 -1
686 c177 6 3ff 3 1 0 0 1bff -3 -1
687 c176 6 3ff 3 1 0 0 1bff -3 -1
688 c175 6 3ff 3 1 0 0 1bff -3 -1
689 c174 6 3ff 3 1 0 0 1bff -3 -1
690 c173 6 3ff 3 1 0 0 1bff -3 -1
691 c172 6 3ff 3 1 0 0 1bff -3 -1
692 c171 6 3ff 3 1 0 0 1bff -3 -1
693 c170 6 3ff 3 1 0 0 1bff -3 -1
694 c16f 6 3ff 3 1 0 0 1bff -3 -1
695 c16e 6 3ff 3 1 0 0 1bff -3 -1
696 c16d 6 3ff 3 1 0 0 1bff -3 -1
697 c16c 6 3ff 3 1 0 0 1bff -3 -1
698 c16b 6 3ff 3 1 0 0 1bff -3 -1
699 c16a 6 3ff 3 1 0 0 1bff -3 -1
700 c169 6 3ff 3 1 0 0 1bff -3 -1
701 c168 6 3ff 3 1 0 0 1bff -3 -1
702 c167 6 3ff 3 1 0 0 1bff -3 -1
703 c166 6 3ff 3 1 0 0 1bff -3 -1
704 c165 6 3ff 3 1 0 0 1bff -3 -1
705 c164 6 3ff 3 1 0 0 1bff -3 -1
706 c163 6 3ff 3 1 0 0 1bff -3 -1
707 c162 6 3ff 3 1 0 0 1bff -3 -1
708 c161 6 3ff 3 1 0 0 1bff -3 -1
709 c160 6 3ff 3 1 0 0 1bff -3 -1
710 c15f 6 3ff 3 1 0 0 1bff -3 -1
711 c15e 6 3ff 3 1 0 0 1bff -3 -1
712 c15d 6 3ff 3 1 0 0 1bff -3 -1
713 c15c 6 3ff 3 1 0 0 1bff -3 -1
714 c15b 6 3ff 3 1 0 0 1bff -3 -1
715 c15a 6 3ff 3 1 0 0 1bff -3 -1
716 c159 6 3ff 3 1 0 0 1bff -3 -1
717 c158 6 3ff 3 1 0 0 1bff -3 -1
718 c157 6 3ff 3 1 0 0 1bff -3 -1
719 c156 6 3ff 3 1 0 0 1bff -3 -1
720 c155 6 3ff 3 1 0 0 1bff -3 -1
721 c154 6 3ff 3 1 0 0 1bff -3 -1
722 c153 6 3ff 3 1 0 0 1bff -3 -1
723 c152 6 3ff 3 1 0 0 1bff -3 -1
724 c151 6 3ff 3 1 0 0 1bff -3 -1
725 c150 6 3ff 3 1 0 0 1bff -3 -1
726 c14f 6 3ff 3 1 0 0 1bff -3 -1
727 c14e 6 3ff 3 1 0 0 1bff -3 -1
728 c14d 6 3ff 3 1 0 0 1bff -3 -1
729 c14c 6 3ff 3 1 0 0 1bff -3 -1
730 c14b 6 3ff 3 1 0 0 1bff -3 -1
731 c14a 6 3ff 3 1 0 0 1bff -3 -1
732 c149 6 3ff 3 1 0 0 1bff -3 -1
733 c148 6 3ff 3 1 0 0 1bff -3 -1
734 c147 6 3ff 3 1 0 0 1bff -3 -1
735 c146 6 3ff 3 1 0 0 1bff -3 -1
736 c145 6 3ff 3 1 0 0 1bff -3 -1
737 c144 6 3ff 3 1 0 0 1bff -3 -1
738 c143 6 3ff 3 1 0 0 1bff -3 -1
739 c142 6 3ff 3 1 0 0 1bff -3 -1
740 c141 6 3ff 3 1 0 0 1bff -3 -1
741 c140 6 3ff 3 1 0 0 1bff -3 -1
742 c13f 6 3ff 3 1 0 0 1bff -3 -1
743 c13e 6 3ff 3 1 0 0 1bff -3 -1
744 c13d 6 3ff 3 1 0 0 1bff -3 -1
745 c13c 6 3ff 3 1 0 0 1bff -3 -1
746 c13b 6 3ff 3 1 0 0 1bff -3 -1
747 c13a 6 3ff 3 1 0 0 1bff -3 -1
748 c139 6 3ff 3 1 0 0 1bff -3 -1
749 c138 6 3ff 3 1 0 0 1bff -3 -1
750 c137 6 3ff 3 1 0 0 1bff -3 -1
751 c136 6 3ff 3 1 0 0 1bff -3 -1
752 c135 6 3ff 3 1 0 0 1bff -3 -1
753 c134 6 3ff 3 1 0 0 1bff -3 -1
754 c133 6 3ff 3 1 0 0 1bff -3 -1
755 c132 6 3ff 3 1 0 0 1bff -3 -1
756 c131 6 3ff 3 1 0 0 1bff -3 -1
757 c130 6 3ff 3 1 0 0 1bff -3 -1
758 c12f 6 3ff 3 1 0 0 1bff -3 -1
759 c12e 6 3ff 3 1 0 0 1bff -3 -1
760 c12d 6 3ff 3 1 0 0 1bff -3 -1
761 c12c 6 3ff 3 1 0 0 1bff -3 -1
762 c12b 6 3ff 3 1 0 0 1bff -3 -1
763 c12a 6 3ff 3 1 0 0 1bff -3 -1
764 c129 6 3ff 3 1 0 0 1bff -3 -1
765 c128 6 3ff 3 1 0 0 1bff -3 -1
766 c127 6 3ff 3 1 0 0 1bff -3 -1
767 c126 6 3ff 3 1 0 0 1bff -3 -1
768 c125 6 3ff 3 1 0 0 1bff -3 -1
769 c124 6 3ff 3 1 0 0 1bff -3 -1
770 c123 6 3ff 3 1 0 0 1bff -3 -1
771 c122 6 3ff 3 1 0 0 1bff -3 -1
772 c121 6 3ff 3 1 0 0 1bff -3 -1
773 c120 6 3ff 3 1 0 0 1bff -3 -1
774 c11f 6 3ff 3 1 0 0 1bff -3 -1
775 c11e 6 3ff 3 1 0 0 1bff -3 -1
776 c11d 6 3ff 3 1 0 0 1bff -3 -1
777 c11c 6 3ff 3 1 0 0 1bff -3 -1
778 c11b 6 3ff 3 1 0 0 1bff -3 -1
779 c11a 6 3ff 3 1 0 0 1bff -3 -1
780 c119 6 3ff 3 1 0 0 1bff -3 -1
781 c118 6 3ff 3 1 0 0 1bff -3 -1
782 c117 6 3ff 3 1 0 0 1bff -3 -1
783 c116 6 3ff 3 1 0 0 1bff -3 -1
784 c115 6 3ff 3 1 0 0 1bff -3 -1
785 c114 6 3ff 3 1 0 0 1bff -3 -1
786 c113 6 3ff 3 1 0 0 1bff -3 -1
787 c112 6 3ff 3 1 0 0 1bff -3 -1
788 c111 6 3ff 3 1 0 0 1bff -3 -1
789 c110 6 3ff 3 1 0 0 1bff -3 -1
790 c10f 6 3ff 3 1 0 0 1bff -3 -1
791 c10e 6 3ff 3 1 0 0 1bff -3 -1
792 c10d 6 3ff 3 1 0 0 1bff -3 -1
793 c10c 6 3ff 3 1 0 0 1bff -3 -1
794 c10b 6 3ff 3 1 0 0 1bff -3 -1
795 c10a 6 3ff 3 1 0 0 1bff -3 -1
796 c109 6 3ff 3 1 0 0 1bff -3 -1
797 c108 6 3ff 3 1 0 0 1bff -3 -1
798 c107 6 3ff 3 1 0 0 1bff -3 -1
799 c106 6 3ff 3 1 0 0 1bff -3 -1
800 c105 6 3ff 3 1 0 0 1bff -3 -1
801 c104 6 3ff 3 1 0 0 1bff -3 -1
802 c103 6 3ff 3 1 0 0 1bff -3 -1
803 c102 6 3ff 3 1 0 0 1bff -3 -1
804 c101 6 3ff 3 1 0 0 1bff -3 -1
805 c100 6 3ff 3 1 0 0 1bff -3 -1
806 c0ff 6 3ff 3 1 0 0 1bff -3 -1
807 c0fe 6 3ff 3 1 0 0 1bff -3 -1
808 c0fd 6 3ff 3 1 0 0 1bff -3 -1
809 c0fc 6 3ff 3 1 0 0 1bff -3 -1
810 c0fb 6 3ff 3 1 0 0 1bff -3 -1
811 c0fa 6 3ff 3 1 0 0 1bff -3 -1
812 c0f9 6 3ff 3 1 0 0 1bff -3 -1
813 c0f8 6 3ff 3 1 0 0 1bff -3 -1
814 c0f7 6 3ff 3 1 0 0 1bff -3 -1
815 c0f6 6 3ff 3 1 0 0 1bff -3 -1
816 c0f5 6 3ff 3 1 0 0 1bff -3 -1
817 c0f4 6 3ff 3 1 0 0 1bff -3 -1
818 c0f3 6 3ff 3 1 0 0 1bff -3 -1
819 c0f2 6 3ff 3 1 0 0 1bff -3 -1
820 c0f1 6 3ff 3 1 0 0 1bff -3 -1
821 c0f0 6 3ff 3 1 0 0 1bff -3 -1
822 c0ef 6 3ff 3 1 0 0 1bff -3 -1
823 c0ee 6 3ff 3 1 0 0 1bff -3 -1
824 c0ed 6 3ff 3 1 0 0 1bff -3 -1
825 c0ec 6 3ff 3 1 0 0 1bff -3 -1
826 c0eb 6 3ff 3 1 0 0 1bff -3 -1
827 c0ea 6 3ff 3 1 0 0 1bff -3 -1
828 c0e9 6 3ff 3 1 0 0 1bff -3 -1
829 c0e8 6 3ff 3 1 0 0 1bff -3 -1
830 c0e7 6 3ff 3 1 0 0 1bff -3 -1
831 c0e6 6 3ff 3 1 0 0 1bff -3 -1
832 c0e5 6 3ff 3 1 0 0 1bff -3 -1
833 c0e4 6 3ff 3 1 0 0 1bff -3 -1
834 c0e3 6 3ff 3 1 0 0 1bff -3 -1
835 c0e2 6 3ff 3 1 0 0 1bff -3 -1
836 c0e1 6 3ff 3 1 0 0 1bff -3 -1
837 c0e0 6 3ff 3 1 0 0 1bff -3 -1
838 c0df 6 3ff 3 1 0 0 1bff -3 -1
839 c0de 6 3ff 3 1 0 0 1bff -3 -1
840 c0dd 6 3ff 3 1 0 0 1bff -3 -1
841 c0dc 6 3ff 3 1 0 0 1bff -3 -1
842 c0db 6 3ff 3 1 0 0 1bff -3 -1
843 c0da 6 3ff 3 1 0 0 1bff -3 -1
844 c0d9 6 3ff 3 1 0 0 1bff -3 -1
845 c0d8 6 3ff 3 1 0 0 1bff -3 -1
846 c0d7 6 3ff 3 1 0 0 1bff -3 -1
847 c0d6 6 3ff 3 1 0 0 1bff -3 -1
848 c0d5 6 3ff 3 1 0 0 1bff -3 -1
849 c0d4 6 3ff 3 1 0 0 1bff -3 -1
850 c0d3 6 3ff 3 1 0 0 1bff -3 -1
851 c0d2 6 3ff 3 1 0 0 1bff -3 -1
852 c0d1 6 3ff 3 1 0 0 1bff -3 -1
853 c0d0 6 3ff 3 1 0 0 1bff -3 -1
854 c0cf 6 3ff 3 1 0 0 1bff -3 -1
855 c0ce 6 3ff 3 1 0 0 1bff -3 -1
856 c0cd 6 3ff 3 1 0 0 1bff -3 -1
857 c0cc 6 3ff 3 1 0 0 1bff -3 -1
858 c0cb 6 3ff 3 1 0 0 1bff -3 -1
859 c0ca 6 3ff 3 1 0 0 1bff -3 -1
860 c0c9 6 3ff 3 1 0 0 1bff -3 -1
861 c0c8 6 3ff 3 1 0 0 1bff -3 -1
862 c0c7 6 3ff 3 1 0 0 1bff -3 -1
863 c0c6 6 3ff 3 1 0 0 1bff -3 -1
864 c0c5 6 3ff 3 1 0 0 1bff -3 -1
865 c0c4 6 3ff 3 1 0 0 1bff -3 -1
866 c0c3 6 3ff 3 1 0 0 1bff -3 -1
867 c0c2 6 3ff 3 1 0 0 1bff -3 -1
868 c0c1 6 3ff 3 1 0 0 1bff -3 -1
869 c0c0 6 3ff 3 1 0 0 1bff -3 -1
870 c0bf 6 3ff 3 1 0 0 1bff -3 -1
871 c0be 6 3ff 3 1 0 0 1bff -3 -1
872 c0bd 6 3ff 3 1 0 0 1bff -3 -1
873 c0bc 6 3ff 3 1 0 0 1bff -3 -1
874 c0bb 6 3ff 3 1 0 0 1bff -3 -1
875 c0ba 6 3ff 3 1 0 0 1bff -3 -1
876 c0b9 6 3ff 3 1 0 0 1bff -3 -1
877 c0b8 6 3ff 3 1 0 0 1bff -3 -1
878 c0b7 6 3ff 3 1 0 0 1bff -3 -1
879 c0b6 6 3ff 3 1 0 0 1bff -3 -1
880 c0b5 6 3ff 3 1 0 0 1bff -3 -1
881 c0b4 6 3ff 3 1 0 0 1bff -3 -1
882 c0b3 6 3ff 3 1 0 0 1bff -3 -1
883 c0b2 6 3ff 3 1 0 0 1bff -3 -1
884 c0b1 6 3ff 3 1 0 0 1bff -3 -1
885 c0b0 6 3ff 3 1 0 0 1bff -3 -1
886 c0af 6 3ff 3 1 0 0 1bff -3 -1
887 c0ae 6 3ff 3 1 0 0 1bff -3 -1
888 c0ad 6 3ff 3 1 0 0 1bff -3 -1
889 c0ac 6 3ff 3 1 0 0 1bff -3 -1
890 c0ab 6 3ff 3 1 0 0 1bff -3 -1
891 c0aa 6 3ff 3 1 0 0 1bff -3 -1
892 c0a9 6 3ff 3 1 0 0 1bff -3 -1
893 c0a8 6 3ff 3 1 0 0 1bff -3 -1
894 c0a7 6 3ff 3 1 0 0 1bff -3 -1
895 c0a6 6 3ff 3 1 0 0 1bff -3 -1
896 c0a5 6 3ff 3 1 0 0 1bff -3 -1
897 c0a4 6 3ff 3 1 0 0 1bff -3 -1
898 c0a3 6 3ff 3 1 0 0 1bff -3 -1
899 c0a2 6 3ff 3 1 0 0 1bff -3 -1
900 c0a1 6 3ff 3 1 0 0 1bff -3 -1
901 c0a0 6 3ff 3 1 0 0 1bff -3 -1
902 c09f 6 3ff 3 1 0 0 1bff -3 -1
903 c09e 6 3ff 3 1 0 0 1bff -3 -1
904 c09d 6 3ff 3 1 0 0 1bff -3 -1
905 c09c 6 3ff 3 1 0 0 1bff -3 -1
906 c09b 6 3ff 3 1 0 0 1bff -3 -1
907 c09a 6 3ff 3 1 0 0 1bff -3 -1
908 c099 6 3ff 3 1 0 0 1bff -3 -1
909 c098 6 3ff 3 1 0 0 1bff -3 -1
910 c097 6 3ff 3 1 0 0 1bff -3 -1
911 c096 6 3ff 3 1 0 0 1bff -3 -1
912 c095 6 3ff 3 1 0 0 1bff -3 -1
913 c094 6 3ff 3 1 0 0 1bff -3 -1
914 c093 6 3ff 3 1 0 0 1bff -3 -1
915 c092 6 3ff 3 1 0 0 1bff -3 -1
916 c091 6 3ff 3 1 0 0 1bff -3 -1
917 c090 6 3ff 3 1 0 0 1bff -3 -1
918 c08f 6 3ff 3 1 0 0 1bff -3 -1
919 c08e 6 3ff 3 1 0 0 1bff -3 -1
920 c08d 6 3ff 3 1 0 0 1bff -3 -1
921 c08c 6 3ff 3 1 0 0 1bff -3 -1
922 c08b 6 3ff 3 1 0 0 1bff -3 -1
923 c08a 6 3ff 3 1 0 0 1bff -3 -1
924 c089 6 3ff 3 1 0 0 1bff -3 -1
925 c088 6 3ff 3 1 0 0 1bff -3 -1
926 c087 6 3ff 3 1 0 0 1bff -3 -1
927 c086 6 3ff 3 1 0 0 1bff -3 -1
928 c085 6 3ff 3 1 0 0 1bff -3 -1
929 c084 6 3ff 3 1 0 0 1bff -3 -1
930 c083 6 3ff 3 1 0 0 1bff -3 -1
931 c082 6 3ff 3 1 0 0 1bff -3 -1
932 c081 6 3ff 3 1 0 0 1bff -3 -1
933 c080 6 3ff 3 1 0 0 1bff -3 -1
934 c07f 6 3ff 3 1 0 0 1bff -3 -1
935 c07e 6 3ff 3 1 0 0 1bff -3 -1
936 c07d 6 3ff 3 1 0 0 1bff -3 -1
937 c07c 6 3ff 3 1 0 0 1bff -3 -1
938 c07b 6 3ff 3 1 0 0 1bff -3 -1
939 c07a 6 3ff 3 1 0 0 1bff -3 -1
940 c079 6 3ff 3 1 0 0 1bff -3 -1
941 c078 6 3ff 3 1 0 0 1bff -3 -1
942 c077 6 3ff 3 1 0 0 1bff -3 -1
943 c076 6 3ff 3 1 0 0 1bff -3 -1
944 c075 6 3ff 3 1 0 0 1bff -3 -1
945 c074 6 3ff 3 1 0 0 1bff -3 -1
946 c073 6 3ff 3 1 0 0 1bff -3 -1
947 c072 6 3ff 3 1 0 0 1bff -3 -1
948 c071 6 3ff 3 1 0 0 1bff -3 -1
949 c070 6 3ff 3 1 0 0 1bff -3 -1
950 c06f 6 3ff 3 1 0 0 1bff -3 -1
951 c06e 6 3ff 3 1 0 0 1bff -3 -1
952 c06d 6 3ff 3 1 0 0 1bff -3 -1
953 c06c 6 3ff 3 1 0 0 1bff -3 -1
954 c06b 6 3ff 3 1 0 0 1bff -3 -1
955 c06a 6 3ff 3 1 0 0 1bff -3 -1
956 c069 6 3ff 3 1 0 0 1bff -3 -1
957 c068 6 3ff 3 1 0 0 1bff -3 -1
958 c067 6 3ff 3 1 0 0 1bff -3 -1
959 c066 6 3ff 3 1 0 0 1bff -3 -1
960 c065 6 3ff 3 1 0 0 1bff -3 -1
961 c064 6 3ff 3 1 0 0 1bff -3 -1
962 c063 6 3ff 3 1 0 0 1bff -3 -1
963 c062 6 3ff 3 1 0 0 1bff -3 -1
964 c061 6 3ff 3 1 0 0 1bff -3 -1
965 c060 6 3ff 3 1 0 0 1bff -3 -1
966 c05f 6 3ff 3 1 0 0 1bff -3 -1
967 c05e 6 3ff 3 1 0 0 1bff -3 -1
968 c05d 6 3ff 3 1 0 0 1bff -3 -1
969 c05c 6 3ff 3 1 0 0 1bff -3 -1
970 c05b 6 3ff 3 1 0 0 1bff -3 -1
971 c05a 6 3ff 3 1 0 0 1bff -3 -1
972 c059 6 3ff 3 1 0 0 1bff -3 -1
973 c058 6 3ff 3 1 0 0 1bff -3 -1
974 c057 6 3ff 3 1 0 0 1bff -3 -1
975 c056 6 3ff 3 1 0 0 1bff -3 -1
976 c055 6 3ff 3 1 0 0 1bff -3 -1
977 c054 6 3ff 3 1 0 0 1bff -3 -1
978 c053 6 3ff 3 1 0 0 1bff -3 -1
979 c052 6 3ff 3 1 0 0 1bff -3 -1
980 c051 6 3ff 3 1 0 0 1bff -3 -1
981 c050 6 3ff 3 1 0 0 1bff -3 -1
982 c04f 6 3ff 3 1 0 0 1bff -3 -1
983 c04e 6 3ff 3 1 0 0 1bff -3 -1
984 c04d 6 3ff 3 1 0 0 1bff -3 -1
985 c04c 6 3ff 3 1 0 0 1bff -3 -1
986 c04b 6 3ff 3 1 0 0 1bff -3 -1
987 c04a 6 3ff 3 1 0 0 1bff -3 -1
988 c049 6 3ff 3 1 0 0 1bff -3 -1
989 c048 6 3ff 3 1 0 0 1bff -3 -1
990 c047 6 3ff 3 1 0 0 1bff -3 -1
991 c046 6 3ff 3 1 0 0 1bff -3 -1
992 c045 6 3ff 3 1 0 0 1bff -3 -1
993 c044 6 3ff 3 1 0 0 1bff -3 -1
994 c043 6 3ff 3 1 0 0 1bff -3 -1
995 c042 6 3ff 3 1 0 0 1bff -3 -1
996 c041 6 3ff 3 1 0 0 1bff -3 -1
997 c040 6 3ff 3 1 0 0 1bff -3 -1
998 c03f 6 3ff 3 1 0 0 1bff -3 -1
999 c03e 6 3ff 3 1 0 0 1bff -3 -1
