# t MDEC_CT MIXS2 a state off enabled CA FEGv low band
0 c425 -78574 000 3 0 1 6920 1bff 39287 80590
1 c424 -78956 008 3 0 1 6921 1bff 39478 762
2 c423 -45454 008 3 0 1 6923 1bff 22727 -67139
3 c422 -46186 010 3 0 1 6924 1bff 23093 1463
4 c421 -53028 010 3 0 1 6926 1bff 26514 13708
5 c420 -50856 018 3 0 1 6927 1bff 25428 -4353
6 c41f -42432 018 3 0 1 6929 1bff 21216 -16882
7 c41e -58046 020 3 0 1 6930 1bff 29023 31286
8 c41d -68472 020 3 0 1 6932 1bff 34236 20889
9 c41c -69576 028 3 0 1 6933 1bff 34788 2212
10 c41b -56552 028 3 0 1 6935 1bff 28276 -26100
11 c41a -73766 030 3 0 1 6936 1bff 36883 34495
12 c419 -79640 030 3 0 1 6938 1bff 39820 11769
13 c418 -60952 038 3 0 1 6939 1bff 30476 -37451
14 c417 -41278 038 3 0 1 6941 1bff 20639 -39428
15 c416 -27422 040 3 0 1 6942 1bff 13711 -27768
16 c415 -10186 040 3 0 1 6944 1bff 5093 -34540
17 c414 -25366 048 3 0 1 6945 1bff 12683 30418
18 c413 -43780 048 3 0 1 6947 1bff 21890 36900
19 c412 -60008 050 3 0 1 6948 1bff 30004 32519
20 c411 -69364 050 3 0 1 6950 1bff 34682 18747
21 c410 -41560 058 3 0 1 6951 1bff 20780 -55719
22 c40f -16062 058 3 0 1 6953 1bff 8031 -51096
23 c40e -11670 060 3 0 1 6954 1bff 5835 -8803
24 c40d 13354 060 3 0 1 6956 1bff -6677 -50149
25 c40c 4636 068 3 0 1 6957 1bff -2318 17468
26 c40b -6474 068 3 0 1 6959 1bff 3237 22260
27 c40a -22566 070 3 0 1 6960 1bff 11283 32246
28 c409 -45274 070 3 0 1 6962 1bff 22637 45501
29 c408 -65780 078 3 0 1 6963 1bff 32890 41090
30 c407 -81304 078 3 0 1 6965 1bff 40652 31107
31 c406 -86948 080 3 0 1 6966 1bff 43474 11309
32 c405 -95974 080 3 0 1 6968 1bff 47987 18087
33 c404 -113504 088 3 0 1 6969 1bff 56752 35126
34 c403 -137492 088 3 0 1 6971 1bff 68746 48066
35 c402 -163270 090 3 0 1 6972 1bff 81635 51653
36 c401 -172402 090 3 0 1 6974 1bff 86201 18296
37 c400 -193384 098 3 0 1 6975 1bff 96692 42043
38 c3ff -182410 098 3 0 1 6977 1bff 91205 -21994
39 c3fe -165580 0a0 3 0 1 6978 1bff 82790 -33728
40 c3fd -131954 0a0 3 0 1 6980 1bff 65977 -67385
41 c3fc -120998 0a8 3 0 1 6981 1bff 60499 -21955
42 c3fb -120110 0a8 3 0 1 6983 1bff 60055 -1780
43 c3fa -132926 0b0 3 0 1 6984 1bff 66463 25681
44 c3f9 -132220 0b0 3 0 1 6986 1bff 66110 -1417
45 c3f8 -117356 0b8 3 0 1 6987 1bff 58678 -29789
46 c3f7 -116680 0b8 3 0 1 6989 1bff 58340 -1357
47 c3f6 -124646 0c0 3 0 1 6990 1bff 62323 15961
48 c3f5 -124152 0c0 3 0 1 6992 1bff 62076 -991
49 c3f4 -97002 0c8 3 0 1 6993 1bff 48501 -54408
50 c3f3 -68810 0c8 3 0 1 6995 1bff 34405 -56498
51 c3f2 -60240 0d0 3 0 1 6996 1bff 30120 -17174
52 c3f1 -42290 0d0 3 0 1 6998 1bff 21145 -35974
53 c3f0 -6820 0d8 3 0 1 6999 1bff 3410 -71081
54 c3ef -8306 0d8 3 0 1 7001 1bff 4153 2974
55 c3ee -11440 0e0 3 0 1 7002 1bff 5720 6279
56 c3ed -6222 0e0 3 0 1 7004 1bff 3111 -10460
57 c3ec -16652 0e8 3 0 1 7005 1bff 8326 20899
58 c3eb -17496 0e8 3 0 1 7007 1bff 8748 1688
59 c3ea 13232 0f0 3 0 1 7008 1bff -6616 -61578
60 c3e9 37720 0f0 3 0 1 7010 1bff -18860 -49075
61 c3e8 54084 0f8 3 0 1 7011 1bff -27042 -32796
62 c3e7 60136 0f8 3 0 1 7013 1bff -30068 -12129
63 c3e6 34490 100 3 0 1 7014 1bff -17245 51389
64 c3e5 11400 100 3 0 1 7016 1bff -5700 46267
65 c3e4 12224 108 3 0 1 7017 1bff -6112 -1652
66 c3e3 5426 108 3 0 1 7019 1bff -2713 13620
67 c3e2 -23682 110 3 0 1 7020 1bff 11841 58327
68 c3e1 -50220 110 3 0 1 7022 1bff 25110 53177
69 c3e0 -95414 118 3 0 1 7023 1bff 47707 90561
70 c3df -136264 118 3 0 1 7025 1bff 68132 81856
71 c3de -153730 120 3 0 1 7026 1bff 76865 34998
72 c3dd -161274 120 3 0 1 7028 1bff 80637 15114
73 c3dc -165278 128 3 0 1 7029 1bff 82639 8022
74 c3db -181968 128 3 0 1 7031 1bff 90984 33444
75 c3da -203334 130 3 0 1 7032 1bff 101667 42814
76 c3d9 -203282 130 3 0 1 7034 1bff 101641 -108
77 c3d8 -221766 138 3 0 1 7035 1bff 110883 37038
78 c3d7 -213448 138 3 0 1 7037 1bff 106724 -16669
79 c3d6 -179760 140 3 0 1 7038 1bff 89880 -67510
80 c3d5 -124314 140 3 0 1 7040 1bff 62157 -111111
81 c3d4 -67422 148 3 0 1 7041 1bff 33711 -114010
82 c3d3 5054 148 3 0 1 7043 1bff -2527 -145239
83 c3d2 65398 150 3 0 1 7044 1bff -32699 -120928
84 c3d1 86416 150 3 0 1 7046 1bff -43208 -42121
85 c3d0 83470 158 3 0 1 7047 1bff -41735 5901
86 c3cf 97694 158 3 0 1 7049 1bff -48847 -28505
87 c3ce 105160 160 3 0 1 7050 1bff -52580 -14964
88 c3cd 86152 160 3 0 1 7052 1bff -43076 38088
89 c3cc 72974 168 3 0 1 7053 1bff -36487 26405
90 c3cb 81832 168 3 0 1 7055 1bff -40916 -17753
91 c3ca 53620 170 3 0 1 7056 1bff -26810 56534
92 c3c9 34050 170 3 0 1 7058 1bff -17025 39213
93 c3c8 37306 178 3 0 1 7059 1bff -18653 -6527
94 c3c7 27704 178 3 0 1 7061 1bff -13852 19238
95 c3c6 28156 180 3 0 1 7062 1bff -14078 -908
96 c3c5 6002 180 3 0 1 7064 1bff -3001 44394
97 c3c4 -5880 188 3 0 1 7065 1bff 2940 23808
98 c3c3 -14948 188 3 0 1 7067 1bff 7474 18170
99 c3c2 -28714 190 3 0 1 7068 1bff 14357 27582
100 c3c1 -42244 190 3 0 1 7070 1bff 21122 27109
101 c3c0 -33356 198 3 0 1 7071 1bff 16678 -17812
102 c3bf -47366 198 3 0 1 7073 1bff 23683 28073
103 c3be -69164 1a0 3 0 1 7074 1bff 34582 43681
104 c3bd -61024 1a0 3 0 1 7076 1bff 30512 -16314
105 c3bc -67590 1a8 3 0 1 7077 1bff 33795 13154
106 c3bb -65924 1a8 3 0 1 7079 1bff 32962 -3340
107 c3ba -59326 1b0 3 0 1 7080 1bff 29663 -13223
108 c3b9 -71628 1b0 3 0 1 7082 1bff 35814 24652
109 c3b8 -49268 1b8 3 0 1 7083 1bff 24634 -44811
110 c3b7 -51600 1b8 3 0 1 7085 1bff 25800 4673
111 c3b6 -45154 1c0 3 0 1 7086 1bff 22577 -12920
112 c3b5 -41952 1c0 3 0 1 7088 1bff 20976 -6417
113 c3b4 -30142 1c8 3 0 1 7089 1bff 15071 -23670
114 c3b3 -32366 1c8 3 0 1 7091 1bff 16183 4453
115 c3b2 -9164 1d0 3 0 1 7092 1bff 4582 -46495
116 c3b1 39116 1d0 3 0 1 7094 1bff -19558 -96749
117 c3b0 88042 1d8 3 0 1 7095 1bff -44021 -98044
118 c3af 122900 1d8 3 0 1 7097 1bff -61450 -69856
119 c3ae 132032 1e0 3 0 1 7098 1bff -66016 -18303
120 c3ad 150346 1e0 3 0 1 7100 1bff -75173 -36701
121 c3ac 169396 1e8 3 0 1 7101 1bff -84698 -38176
122 c3ab 175900 1e8 3 0 1 7103 1bff -87950 -13034
123 c3aa 191382 1f0 3 0 1 7104 1bff -95691 -31027
124 c3a9 209528 1f0 3 0 1 7106 1bff -104764 -36367
125 c3a8 241074 1f8 3 0 1 7107 1bff -120537 -63218
126 c3a7 252282 1f8 3 0 1 7109 1bff -126141 -22460
127 c3a6 249396 200 3 0 1 7110 1bff -124698 5780
128 c3a5 201326 200 3 0 1 7112 1bff -100663 96325
129 c3a4 185008 208 3 0 1 7113 1bff -92504 32697
130 c3a3 155950 208 3 0 1 7115 1bff -77975 58227
131 c3a2 142978 210 3 0 1 7116 1bff -71489 25992
132 c3a1 144586 210 3 0 1 7118 1bff -72293 -3226
133 c3a0 122592 218 3 0 1 7119 1bff -61296 44073
134 c39f 97620 218 3 0 1 7121 1bff -48810 50041
135 c39e 61648 220 3 0 1 7122 1bff -30824 72081
136 c39d 28138 220 3 0 1 7124 1bff -14069 67148
137 c39c 6996 228 3 0 1 7125 1bff -3498 42364
138 c39b 11022 228 3 0 1 7127 1bff -5511 -8071
139 c39a -11076 230 3 0 1 7128 1bff 5538 44281
140 c399 -36920 230 3 0 1 7130 1bff 18460 51788
141 c398 -26450 238 3 0 1 7131 1bff 13225 -20982
142 c397 -41604 238 3 0 1 7133 1bff 20802 30366
143 c396 -82742 240 3 0 1 7134 1bff 41371 82436
144 c395 -120386 240 3 0 1 7136 1bff 60193 75432
145 c394 -157720 248 3 0 1 7137 1bff 78860 74814
146 c393 -175640 248 3 0 1 7139 1bff 87820 35910
147 c392 -178728 250 3 0 1 7140 1bff 89364 6185
148 c391 -152654 250 3 0 1 7142 1bff 76327 -52251
149 c390 -125738 258 3 0 1 7143 1bff 62869 -53941
150 c38f -91828 258 3 0 1 7145 1bff 45914 -67956
151 c38e -35038 260 3 0 1 7146 1bff 17519 -113804
152 c38d 11982 260 3 0 1 7148 1bff -5991 -94228
153 c38c 56206 268 3 0 1 7149 1bff -28103 -88625
154 c38b 86404 268 3 0 1 7151 1bff -43202 -60517
155 c38a 104850 270 3 0 1 7152 1bff -52425 -36966
156 c389 112998 270 3 0 1 7154 1bff -56499 -16330
157 c388 99816 278 3 0 1 7155 1bff -49908 26413
158 c387 89584 278 3 0 1 7157 1bff -44792 20501
159 c386 70000 280 3 0 1 7158 1bff -35000 39244
160 c385 50612 280 3 0 1 7160 1bff -25306 38851
161 c384 60914 288 3 0 1 7161 1bff -30457 -20646
162 c383 66810 288 3 0 1 7163 1bff -33405 -11818
163 c382 50902 290 3 0 1 7164 1bff -25451 31876
164 c381 38270 290 3 0 1 7166 1bff -19135 25311
165 c380 6848 298 3 0 1 7167 1bff -3424 62963
166 c37f -20826 298 3 0 1 7169 1bff 10413 55453
167 c37e -19414 2a0 3 0 1 7170 1bff 9707 -2832
168 c37d -14116 2a0 3 0 1 7172 1bff 7058 -10619
169 c37c -33512 2a8 3 0 1 7173 1bff 16756 38864
170 c37b -54716 2a8 3 0 1 7175 1bff 27358 42489
171 c37a -72188 2b0 3 0 1 7176 1bff 36094 35009
172 c379 -70012 2b0 3 0 1 7178 1bff 35006 -4362
173 c378 -85134 2b8 3 0 1 7179 1bff 42567 30301
174 c377 -75088 2b8 3 0 1 7181 1bff 37544 -20132
175 c376 -94438 2c0 3 0 1 7182 1bff 47219 38773
176 c375 -124994 2c0 3 0 1 7184 1bff 62497 61229
177 c374 -131508 2c8 3 0 1 7185 1bff 65754 13051
178 c373 -146450 2c8 3 0 1 7187 1bff 73225 29940
179 c372 -176854 2d0 3 0 1 7188 1bff 88427 60924
180 c371 -202332 2d0 3 0 1 7190 1bff 101166 51055
181 c370 -199340 2d8 3 0 1 7191 1bff 99670 -5997
182 c36f -185456 2d8 3 0 1 7193 1bff 92728 -27826
183 c36e -148482 2e0 3 0 1 7194 1bff 74241 -74093
184 c36d -111676 2e0 3 0 1 7196 1bff 55838 -73758
185 c36c -51596 2e8 3 0 1 7197 1bff 25798 -120399
186 c36b 11484 2e8 3 0 1 7199 1bff -5742 -126408
187 c36a 39932 2f0 3 0 1 7200 1bff -19966 -57009
188 c369 55626 2f0 3 0 1 7202 1bff -27813 -31453
189 c368 61026 2f8 3 0 1 7203 1bff -30513 -10822
190 c367 47476 2f8 3 0 1 7205 1bff -23738 27152
191 c366 18304 300 3 0 1 7206 1bff -9152 58457
192 c365 -21920 300 3 0 1 7208 1bff 10960 80605
193 c364 -20134 308 3 0 1 7209 1bff 10067 -3580
194 c363 -5808 308 3 0 1 7211 1bff 2904 -28709
195 c362 19144 310 3 0 1 7212 1bff -9572 -50003
196 c361 43868 310 3 0 1 7214 1bff -21934 -49545
197 c360 38372 318 3 0 1 7215 1bff -19186 11011
198 c35f 7986 318 3 0 1 7217 1bff -3993 60887
199 c35e -4730 320 3 0 1 7218 1bff 2365 25478
200 c35d -12778 320 3 0 1 7220 1bff 6389 16124
201 c35c -3526 328 3 0 1 7221 1bff 1763 -18541
202 c35b 20172 328 3 0 1 7223 1bff -10086 -47489
203 c35a 18060 330 3 0 1 7224 1bff -9030 4231
204 c359 29918 330 3 0 1 7226 1bff -14959 -23764
205 c358 68662 338 3 0 1 7227 1bff -34331 -77642
206 c357 77804 338 3 0 1 7229 1bff -38902 -18320
207 c356 106880 340 3 0 1 7230 1bff -53440 -58269
208 c355 142022 340 3 0 1 7232 1bff -71011 -70422
209 c354 168948 348 3 0 1 7233 1bff -84474 -53958
210 c353 191994 348 3 0 1 7235 1bff -95997 -46183
211 c352 172504 350 3 0 1 7236 1bff -86252 39054
212 c351 142432 350 3 0 1 7238 1bff -71216 60258
213 c350 135942 358 3 0 1 7239 1bff -67971 13003
214 c34f 126754 358 3 0 1 7241 1bff -63377 18409
215 c34e 109770 360 3 0 1 7242 1bff -54885 34032
216 c34d 87678 360 3 0 1 7244 1bff -43839 44270
217 c34c 77696 368 3 0 1 7245 1bff -38848 20001
218 c34b 87926 368 3 0 1 7247 1bff -43963 -20501
219 c34a 117054 370 3 0 1 7248 1bff -58527 -58374
220 c349 126620 370 3 0 1 7250 1bff -63310 -19170
221 c348 96888 378 3 0 1 7251 1bff -48444 59577
222 c347 81280 378 3 0 1 7253 1bff -40640 31274
223 c346 46870 380 3 0 1 7254 1bff -23435 68953
224 c345 15256 380 3 0 1 7256 1bff -7628 63349
225 c344 -3820 388 3 0 1 7257 1bff 1910 38225
226 c343 -31744 388 3 0 1 7259 1bff 15872 55954
227 c342 -79614 390 3 0 1 7260 1bff 39807 95925
228 c341 -86258 390 3 0 1 7262 1bff 43129 13314
229 c340 -73910 398 3 0 1 7263 1bff 36955 -24747
230 c33f -78732 398 3 0 1 7265 1bff 39366 9662
231 c33e -109888 3a0 3 0 1 7266 1bff 54944 62433
232 c33d -131494 3a0 3 0 1 7268 1bff 65747 43296
233 c33c -137704 3a8 3 0 1 7269 1bff 68852 12443
234 c33b -118706 3a8 3 0 1 7271 1bff 59353 -38072
235 c33a -89028 3b0 3 0 1 7272 1bff 44514 -59475
236 c339 -34598 3b0 3 0 1 7274 1bff 17299 -109075
237 c338 9530 3b8 3 0 1 7275 1bff -4765 -88432
238 c337 38634 3b8 3 0 1 7277 1bff -19317 -58324
239 c336 72680 3c0 3 0 1 7278 1bff -36340 -68227
240 c335 93992 3c0 3 0 1 7280 1bff -46996 -42710
241 c334 80598 3c8 3 0 1 7281 1bff -40299 26840
242 c333 52950 3c8 3 0 1 7283 1bff -26475 55404
243 c332 4718 3d0 3 0 1 7284 1bff -2359 96649
244 c331 -60432 3d0 3 0 1 7286 1bff 30216 130551
245 c330 -76360 3d8 3 0 1 7287 1bff 38180 31918
246 c32f -53986 3d8 3 0 1 7289 1bff 26993 -44836
247 c32e -56176 3e0 3 0 1 7290 1bff 28088 4386
248 c32d -40974 3e0 3 0 1 7292 1bff 20487 -30466
249 c32c -49046 3e8 3 0 1 7293 1bff 24523 16175
250 c32b -35714 3e8 3 0 1 7295 1bff 17857 -26717
251 c32a -32916 3f0 3 0 1 7296 1bff 16458 -5608
252 c329 -15382 3f0 3 0 1 7298 1bff 7691 -35137
253 c328 -3374 3f8 3 0 1 7299 1bff 1687 -24066
254 c327 19500 3f8 3 0 1 7301 1bff -9750 -45838
255 c326 35452 3ff 3 1 0 0 1bff -17726 -31969
256 c325 45216 3ff 3 1 0 0 1bff -22608 -19570
257 c324 49730 3ff 3 1 0 0 1bff -24865 -9047
258 c323 50022 3ff 3 1 0 0 1bff -25011 -586
259 c322 47126 3ff 3 1 0 0 1bff -23563 5800
260 c321 42018 3ff 3 1 0 0 1bff -21009 10232
261 c320 35570 3ff 3 1 0 0 1bff -17785 12920
262 c31f 28516 3ff 3 1 0 0 1bff -14258 14133
263 c31e 21448 3ff 3 1 0 0 1bff -10724 14163
264 c31d 14808 3ff 3 1 0 0 1bff -7404 13304
265 c31c 8904 3ff 3 1 0 0 1bff -4452 11831
266 c31b 3918 3ff 3 1 0 0 1bff -1959 9989
267 c31a -68 3ff 3 1 0 0 1bff 34 7985
268 c319 -3054 3ff 3 1 0 0 1bff 1527 5983
269 c318 -5104 3ff 3 1 0 0 1bff 2552 4108
270 c317 -6326 3ff 3 1 0 0 1bff 3163 2446
271 c316 -6848 3ff 3 1 0 0 1bff 3424 1046
272 c315 -6814 3ff 3 1 0 0 1bff 3407 -70
273 c314 -6364 3ff 3 1 0 0 1bff 3182 -903
274 c313 -5630 3ff 3 1 0 0 1bff 2815 -1472
275 c312 -4728 3ff 3 1 0 0 1bff 2364 -1808
276 c311 -3758 3ff 3 1 0 0 1bff 1879 -1947
277 c310 -2796 3ff 3 1 0 0 1bff 1398 -1931
278 c30f -1900 3ff 3 1 0 0 1bff 950 -1799
279 c30e -1108 3ff 3 1 0 0 1bff 554 -1588
280 c30d -444 3ff 3 1 0 0 1bff 222 -1331
281 c30c 82 3ff 3 1 0 0 1bff -41 -1055
282 c30b 472 3ff 3 1 0 0 1bff -236 -782
283 c30a 734 3ff 3 1 0 0 1bff -367 -528
284 c309 886 3ff 3 1 0 0 1bff -443 -305
285 c308 944 3ff 3 1 0 0 1bff -472 -119
286 c307 930 3ff 3 1 0 0 1bff -465 28
287 c306 860 3ff 3 1 0 0 1bff -430 137
288 c305 754 3ff 3 1 0 0 1bff -377 209
289 c304 628 3ff 3 1 0 0 1bff -314 250
290 c303 494 3ff 3 1 0 0 1bff -247 265
291 c302 364 3ff 3 1 0 0 1bff -182 260
292 c301 244 3ff 3 1 0 0 1bff -122 240
293 c300 138 3ff 3 1 0 0 1bff -69 210
294 c2ff 50 3ff 3 1 0 0 1bff -25 174
295 c2fe -18 3ff 3 1 0 0 1bff 9 136
296 c2fd -68 3ff 3 1 0 0 1bff 34 99
297 c2fc -102 3ff 3 1 0 0 1bff 51 65
298 c2fb -120 3ff 3 1 0 0 1bff 60 35
299 c2fa -126 3ff 3 1 0 0 1bff 63 11
300 c2f9 -124 3ff 3 1 0 0 1bff 62 -8
301 c2f8 -114 3ff 3 1 0 0 1bff 57 -22
302 c2f7 -100 3ff 3 1 0 0 1bff 50 -31
303 c2f6 -84 3ff 3 1 0 0 1bff 42 -36
304 c2f5 -66 3ff 3 1 0 0 1bff 33 -38
305 c2f4 -48 3ff 3 1 0 0 1bff 24 -37
306 c2f3 -32 3ff 3 1 0 0 1bff 16 -35
307 c2f2 -18 3ff 3 1 0 0 1bff 9 -31
308 c2f1 -6 3ff 3 1 0 0 1bff 3 -26
309 c2f0 4 3ff 3 1 0 0 1bff -2 -21
310 c2ef 10 3ff 3 1 0 0 1bff -5 -16
311 c2ee 14 3ff 3 1 0 0 1bff -7 -11
312 c2ed 16 3ff 3 1 0 0 1bff -8 -7
313 c2ec 16 3ff 3 1 0 0 1bff -8 -4
314 c2eb 16 3ff 3 1 0 0 1bff -8 -2
315 c2ea 16 3ff 3 1 0 0 1bff -8 0
316 c2e9 14 3ff 3 1 0 0 1bff -7 1
317 c2e8 12 3ff 3 1 0 0 1bff -6 2
318 c2e7 10 3ff 3 1 0 0 1bff -5 2
319 c2e6 8 3ff 3 1 0 0 1bff -4 2
320 c2e5 6 3ff 3 1 0 0 1bff -3 2
321 c2e4 4 3ff 3 1 0 0 1bff -2 2
322 c2e3 2 3ff 3 1 0 0 1bff -1 2
323 c2e2 0 3ff 3 1 0 0 1bff 0 1
324 c2e1 0 3ff 3 1 0 0 1bff 0 0
325 c2e0 0 3ff 3 1 0 0 1bff 0 0
326 c2df 0 3ff 3 1 0 0 1bff 0 0
327 c2de 0 3ff 3 1 0 0 1bff 0 0
328 c2dd 0 3ff 3 1 0 0 1bff 0 0
329 c2dc 0 3ff 3 1 0 0 1bff 0 0
330 c2db 0 3ff 3 1 0 0 1bff 0 0
331 c2da 0 3ff 3 1 0 0 1bff 0 0
332 c2d9 0 3ff 3 1 0 0 1bff 0 0
333 c2d8 0 3ff 3 1 0 0 1bff 0 0
334 c2d7 0 3ff 3 1 0 0 1bff 0 0
335 c2d6 0 3ff 3 1 0 0 1bff 0 0
336 c2d5 0 3ff 3 1 0 0 1bff 0 0
337 c2d4 0 3ff 3 1 0 0 1bff 0 0
338 c2d3 0 3ff 3 1 0 0 1bff 0 0
339 c2d2 0 3ff 3 1 0 0 1bff 0 0
340 c2d1 0 3ff 3 1 0 0 1bff 0 0
341 c2d0 0 3ff 3 1 0 0 1bff 0 0
342 c2cf 0 3ff 3 1 0 0 1bff 0 0
343 c2ce 0 3ff 3 1 0 0 1bff 0 0
344 c2cd 0 3ff 3 1 0 0 1bff 0 0
345 c2cc 0 3ff 3 1 0 0 1bff 0 0
346 c2cb 0 3ff 3 1 0 0 1bff 0 0
347 c2ca 0 3ff 3 1 0 0 1bff 0 0
348 c2c9 0 3ff 3 1 0 0 1bff 0 0
349 c2c8 0 3ff 3 1 0 0 1bff 0 0
350 c2c7 0 3ff 3 1 0 0 1bff 0 0
351 c2c6 0 3ff 3 1 0 0 1bff 0 0
352 c2c5 0 3ff 3 1 0 0 1bff 0 0
353 c2c4 0 3ff 3 1 0 0 1bff 0 0
354 c2c3 0 3ff 3 1 0 0 1bff 0 0
355 c2c2 0 3ff 3 1 0 0 1bff 0 0
356 c2c1 0 3ff 3 1 0 0 1bff 0 0
357 c2c0 0 3ff 3 1 0 0 1bff 0 0
358 c2bf 0 3ff 3 1 0 0 1bff 0 0
359 c2be 0 3ff 3 1 0 0 1bff 0 0
360 c2bd 0 3ff 3 1 0 0 1bff 0 0
361 c2bc 0 3ff 3 1 0 0 1bff 0 0
362 c2bb 0 3ff 3 1 0 0 1bff 0 0
363 c2ba 0 3ff 3 1 0 0 1bff 0 0
364 c2b9 0 3ff 3 1 0 0 1bff 0 0
365 c2b8 0 3ff 3 1 0 0 1bff 0 0
366 c2b7 0 3ff 3 1 0 0 1bff 0 0
367 c2b6 0 3ff 3 1 0 0 1bff 0 0
368 c2b5 0 3ff 3 1 0 0 1bff 0 0
369 c2b4 0 3ff 3 1 0 0 1bff 0 0
370 c2b3 0 3ff 3 1 0 0 1bff 0 0
371 c2b2 0 3ff 3 1 0 0 1bff 0 0
372 c2b1 0 3ff 3 1 0 0 1bff 0 0
373 c2b0 0 3ff 3 1 0 0 1bff 0 0
374 c2af 0 3ff 3 1 0 0 1bff 0 0
375 c2ae 0 3ff 3 1 0 0 1bff 0 0
376 c2ad 0 3ff 3 1 0 0 1bff 0 0
377 c2ac 0 3ff 3 1 0 0 1bff 0 0
378 c2ab 0 3ff 3 1 0 0 1bff 0 0
379 c2aa 0 3ff 3 1 0 0 1bff 0 0
380 c2a9 0 3ff 3 1 0 0 1bff 0 0
381 c2a8 0 3ff 3 1 0 0 1bff 0 0
382 c2a7 0 3ff 3 1 0 0 1bff 0 0
383 c2a6 0 3ff 3 1 0 0 1bff 0 0
384 c2a5 0 3ff 3 1 0 0 1bff 0 0
385 c2a4 0 3ff 3 1 0 0 1bff 0 0
386 c2a3 0 3ff 3 1 0 0 1bff 0 0
387 c2a2 0 3ff 3 1 0 0 1bff 0 0
388 c2a1 0 3ff 3 1 0 0 1bff 0 0
389 c2a0 0 3ff 3 1 0 0 1bff 0 0
390 c29f 0 3ff 3 1 0 0 1bff 0 0
391 c29e 0 3ff 3 1 0 0 1bff 0 0
392 c29d 0 3ff 3 1 0 0 1bff 0 0
393 c29c 0 3ff 3 1 0 0 1bff 0 0
394 c29b 0 3ff 3 1 0 0 1bff 0 0
395 c29a 0 3ff 3 1 0 0 1bff 0 0
396 c299 0 3ff 3 1 0 0 1bff 0 0
397 c298 0 3ff 3 1 0 0 1bff 0 0
398 c297 0 3ff 3 1 0 0 1bff 0 0
399 c296 0 3ff 3 1 0 0 1bff 0 0
400 c295 0 3ff 3 1 0 0 1bff 0 0
401 c294 0 3ff 3 1 0 0 1bff 0 0
402 c293 0 3ff 3 1 0 0 1bff 0 0
403 c292 0 3ff 3 1 0 0 1bff 0 0
404 c291 0 3ff 3 1 0 0 1bff 0 0
405 c290 0 3ff 3 1 0 0 1bff 0 0
406 c28f 0 3ff 3 1 0 0 1bff 0 0
407 c28e 0 3ff 3 1 0 0 1bff 0 0
408 c28d 0 3ff 3 1 0 0 1bff 0 0
409 c28c 0 3ff 3 1 0 0 1bff 0 0
410 c28b 0 3ff 3 1 0 0 1bff 0 0
411 c28a 0 3ff 3 1 0 0 1bff 0 0
412 c289 0 3ff 3 1 0 0 1bff 0 0
413 c288 0 3ff 3 1 0 0 1bff 0 0
414 c287 0 3ff 3 1 0 0 1bff 0 0
415 c286 0 3ff 3 1 0 0 1bff 0 0
416 c285 0 3ff 3 1 0 0 1bff 0 0
417 c284 0 3ff 3 1 0 0 1bff 0 0
418 c283 0 3ff 3 1 0 0 1bff 0 0
419 c282 0 3ff 3 1 0 0 1bff 0 0
420 c281 0 3ff 3 1 0 0 1bff 0 0
421 c280 0 3ff 3 1 0 0 1bff 0 0
422 c27f 0 3ff 3 1 0 0 1bff 0 0
423 c27e 0 3ff 3 1 0 0 1bff 0 0
424 c27d 0 3ff 3 1 0 0 1bff 0 0
425 c27c 0 3ff 3 1 0 0 1bff 0 0
426 c27b 0 3ff 3 1 0 0 1bff 0 0
427 c27a 0 3ff 3 1 0 0 1bff 0 0
428 c279 0 3ff 3 1 0 0 1bff 0 0
429 c278 0 3ff 3 1 0 0 1bff 0 0
430 c277 0 3ff 3 1 0 0 1bff 0 0
431 c276 0 3ff 3 1 0 0 1bff 0 0
432 c275 0 3ff 3 1 0 0 1bff 0 0
433 c274 0 3ff 3 1 0 0 1bff 0 0
434 c273 0 3ff 3 1 0 0 1bff 0 0
435 c272 0 3ff 3 1 0 0 1bff 0 0
436 c271 0 3ff 3 1 0 0 1bff 0 0
437 c270 0 3ff 3 1 0 0 1bff 0 0
438 c26f 0 3ff 3 1 0 0 1bff 0 0
439 c26e 0 3ff 3 1 0 0 1bff 0 0
440 c26d 0 3ff 3 1 0 0 1bff 0 0
441 c26c 0 3ff 3 1 0 0 1bff 0 0
442 c26b 0 3ff 3 1 0 0 1bff 0 0
443 c26a 0 3ff 3 1 0 0 1bff 0 0
444 c269 0 3ff 3 1 0 0 1bff 0 0
445 c268 0 3ff 3 1 0 0 1bff 0 0
446 c267 0 3ff 3 1 0 0 1bff 0 0
447 c266 0 3ff 3 1 0 0 1bff 0 0
448 c265 0 3ff 3 1 0 0 1bff 0 0
449 c264 0 3ff 3 1 0 0 1bff 0 0
450 c263 0 3ff 3 1 0 0 1bff 0 0
451 c262 0 3ff 3 1 0 0 1bff 0 0
452 c261 0 3ff 3 1 0 0 1bff 0 0
453 c260 0 3ff 3 1 0 0 1bff 0 0
454 c25f 0 3ff 3 1 0 0 1bff 0 0
455 c25e 0 3ff 3 1 0 0 1bff 0 0
456 c25d 0 3ff 3 1 0 0 1bff 0 0
457 c25c 0 3ff 3 1 0 0 1bff 0 0
458 c25b 0 3ff 3 1 0 0 1bff 0 0
459 c25a 0 3ff 3 1 0 0 1bff 0 0
460 c259 0 3ff 3 1 0 0 1bff 0 0
461 c258 0 3ff 3 1 0 0 1bff 0 0
462 c257 0 3ff 3 1 0 0 1bff 0 0
463 c256 0 3ff 3 1 0 0 1bff 0 0
464 c255 0 3ff 3 1 0 0 1bff 0 0
465 c254 0 3ff 3 1 0 0 1bff 0 0
466 c253 0 3ff 3 1 0 0 1bff 0 0
467 c252 0 3ff 3 1 0 0 1bff 0 0
468 c251 0 3ff 3 1 0 0 1bff 0 0
469 c250 0 3ff 3 1 0 0 1bff 0 0
470 c24f 0 3ff 3 1 0 0 1bff 0 0
471 c24e 0 3ff 3 1 0 0 1bff 0 0
472 c24d 0 3ff 3 1 0 0 1bff 0 0
473 c24c 0 3ff 3 1 0 0 1bff 0 0
474 c24b 0 3ff 3 1 0 0 1bff 0 0
475 c24a 0 3ff 3 1 0 0 1bff 0 0
476 c249 0 3ff 3 1 0 0 1bff 0 0
477 c248 0 3ff 3 1 0 0 1bff 0 0
478 c247 0 3ff 3 1 0 0 1bff 0 0
479 c246 0 3ff 3 1 0 0 1bff 0 0
480 c245 0 3ff 3 1 0 0 1bff 0 0
481 c244 0 3ff 3 1 0 0 1bff 0 0
482 c243 0 3ff 3 1 0 0 1bff 0 0
483 c242 0 3ff 3 1 0 0 1bff 0 0
484 c241 0 3ff 3 1 0 0 1bff 0 0
485 c240 0 3ff 3 1 0 0 1bff 0 0
486 c23f 0 3ff 3 1 0 0 1bff 0 0
487 c23e 0 3ff 3 1 0 0 1bff 0 0
488 c23d 0 3ff 3 1 0 0 1bff 0 0
489 c23c 0 3ff 3 1 0 0 1bff 0 0
490 c23b 0 3ff 3 1 0 0 1bff 0 0
491 c23a 0 3ff 3 1 0 0 1bff 0 0
492 c239 0 3ff 3 1 0 0 1bff 0 0
493 c238 0 3ff 3 1 0 0 1bff 0 0
494 c237 0 3ff 3 1 0 0 1bff 0 0
495 c236 0 3ff 3 1 0 0 1bff 0 0
496 c235 0 3ff 3 1 0 0 1bff 0 0
497 c234 0 3ff 3 1 0 0 1bff 0 0
498 c233 0 3ff 3 1 0 0 1bff 0 0
499 c232 0 3ff 3 1 0 0 1bff 0 0
500 c231 0 3ff 3 1 0 0 1bff 0 0
501 c230 0 3ff 3 1 0 0 1bff 0 0
502 c22f 0 3ff 3 1 0 0 1bff 0 0
503 c22e 0 3ff 3 1 0 0 1bff 0 0
504 c22d 0 3ff 3 1 0 0 1bff 0 0
505 c22c 0 3ff 3 1 0 0 1bff 0 0
506 c22b 0 3ff 3 1 0 0 1bff 0 0
507 c22a 0 3ff 3 1 0 0 1bff 0 0
508 c229 0 3ff 3 1 0 0 1bff 0 0
509 c228 0 3ff 3 1 0 0 1bff 0 0
510 c227 0 3ff 3 1 0 0 1bff 0 0
511 c226 0 3ff 3 1 0 0 1bff 0 0
512 c225 0 3ff 3 1 0 0 1bff 0 0
513 c224 0 3ff 3 1 0 0 1bff 0 0
514 c223 0 3ff 3 1 0 0 1bff 0 0
515 c222 0 3ff 3 1 0 0 1bff 0 0
516 c221 0 3ff 3 1 0 0 1bff 0 0
517 c220 0 3ff 3 1 0 0 1bff 0 0
518 c21f 0 3ff 3 1 0 0 1bff 0 0
519 c21e 0 3ff 3 1 0 0 1bff 0 0
520 c21d 0 3ff 3 1 0 0 1bff 0 0
521 c21c 0 3ff 3 1 0 0 1bff 0 0
522 c21b 0 3ff 3 1 0 0 1bff 0 0
523 c21a 0 3ff 3 1 0 0 1bff 0 0
524 c219 0 3ff 3 1 0 0 1bff 0 0
525 c218 0 3ff 3 1 0 0 1bff 0 0
526 c217 0 3ff 3 1 0 0 1bff 0 0
527 c216 0 3ff 3 1 0 0 1bff 0 0
528 c215 0 3ff 3 1 0 0 1bff 0 0
529 c214 0 3ff 3 1 0 0 1bff 0 0
530 c213 0 3ff 3 1 0 0 1bff 0 0
531 c212 0 3ff 3 1 0 0 1bff 0 0
532 c211 0 3ff 3 1 0 0 1bff 0 0
533 c210 0 3ff 3 1 0 0 1bff 0 0
534 c20f 0 3ff 3 1 0 0 1bff 0 0
535 c20e 0 3ff 3 1 0 0 1bff 0 0
536 c20d 0 3ff 3 1 0 0 1bff 0 0
537 c20c 0 3ff 3 1 0 0 1bff 0 0
538 c20b 0 3ff 3 1 0 0 1bff 0 0
539 c20a 0 3ff 3 1 0 0 1bff 0 0
540 c209 0 3ff 3 1 0 0 1bff 0 0
541 c208 0 3ff 3 1 0 0 1bff 0 0
542 c207 0 3ff 3 1 0 0 1bff 0 0
543 c206 0 3ff 3 1 0 0 1bff 0 0
544 c205 0 3ff 3 1 0 0 1bff 0 0
545 c204 0 3ff 3 1 0 0 1bff 0 0
546 c203 0 3ff 3 1 0 0 1bff 0 0
547 c202 0 3ff 3 1 0 0 1bff 0 0
548 c201 0 3ff 3 1 0 0 1bff 0 0
549 c200 0 3ff 3 1 0 0 1bff 0 0
550 c1ff 0 3ff 3 1 0 0 1bff 0 0
551 c1fe 0 3ff 3 1 0 0 1bff 0 0
552 c1fd 0 3ff 3 1 0 0 1bff 0 0
553 c1fc 0 3ff 3 1 0 0 1bff 0 0
554 c1fb 0 3ff 3 1 0 0 1bff 0 0
555 c1fa 0 3ff 3 1 0 0 1bff 0 0
556 c1f9 0 3ff 3 1 0 0 1bff 0 0
557 c1f8 0 3ff 3 1 0 0 1bff 0 0
558 c1f7 0 3ff 3 1 0 0 1bff 0 0
559 c1f6 0 3ff 3 1 0 0 1bff 0 0
560 c1f5 0 3ff 3 1 0 0 1bff 0 0
561 c1f4 0 3ff 3 1 0 0 1bff 0 0
562 c1f3 0 3ff 3 1 0 0 1bff 0 0
563 c1f2 0 3ff 3 1 0 0 1bff 0 0
564 c1f1 0 3ff 3 1 0 0 1bff 0 0
565 c1f0 0 3ff 3 1 0 0 1bff 0 0
566 c1ef 0 3ff 3 1 0 0 1bff 0 0
567 c1ee 0 3ff 3 1 0 0 1bff 0 0
568 c1ed 0 3ff 3 1 0 0 1bff 0 0
569 c1ec 0 3ff 3 1 0 0 1bff 0 0
570 c1eb 0 3ff 3 1 0 0 1bff 0 0
571 c1ea 0 3ff 3 1 0 0 1bff 0 0
572 c1e9 0 3ff 3 1 0 0 1bff 0 0
573 c1e8 0 3ff 3 1 0 0 1bff 0 0
574 c1e7 0 3ff 3 1 0 0 1bff 0 0
575 c1e6 0 3ff 3 1 0 0 1bff 0 0
576 c1e5 0 3ff 3 1 0 0 1bff 0 0
577 c1e4 0 3ff 3 1 0 0 1bff 0 0
578 c1e3 0 3ff 3 1 0 0 1bff 0 0
579 c1e2 0 3ff 3 1 0 0 1bff 0 0
580 c1e1 0 3ff 3 1 0 0 1bff 0 0
581 c1e0 0 3ff 3 1 0 0 1bff 0 0
582 c1df 0 3ff 3 1 0 0 1bff 0 0
583 c1de 0 3ff 3 1 0 0 1bff 0 0
584 c1dd 0 3ff 3 1 0 0 1bff 0 0
585 c1dc 0 3ff 3 1 0 0 1bff 0 0
586 c1db 0 3ff 3 1 0 0 1bff 0 0
587 c1da 0 3ff 3 1 0 0 1bff 0 0
588 c1d9 0 3ff 3 1 0 0 1bff 0 0
589 c1d8 0 3ff 3 1 0 0 1bff 0 0
590 c1d7 0 3ff 3 1 0 0 1bff 0 0
591 c1d6 0 3ff 3 1 0 0 1bff 0 0
592 c1d5 0 3ff 3 1 0 0 1bff 0 0
593 c1d4 0 3ff 3 1 0 0 1bff 0 0
594 c1d3 0 3ff 3 1 0 0 1bff 0 0
595 c1d2 0 3ff 3 1 0 0 1bff 0 0
596 c1d1 0 3ff 3 1 0 0 1bff 0 0
597 c1d0 0 3ff 3 1 0 0 1bff 0 0
598 c1cf 0 3ff 3 1 0 0 1bff 0 0
599 c1ce 0 3ff 3 1 0 0 1bff 0 0
600 c1cd 0 3ff 3 1 0 0 1bff 0 0
601 c1cc 0 3ff 3 1 0 0 1bff 0 0
602 c1cb 0 3ff 3 1 0 0 1bff 0 0
603 c1ca 0 3ff 3 1 0 0 1bff 0 0
604 c1c9 0 3ff 3 1 0 0 1bff 0 0
605 c1c8 0 3ff 3 1 0 0 1bff 0 0
606 c1c7 0 3ff 3 1 0 0 1bff 0 0
607 c1c6 0 3ff 3 1 0 0 1bff 0 0
608 c1c5 0 3ff 3 1 0 0 1bff 0 0
609 c1c4 0 3ff 3 1 0 0 1bff 0 0
610 c1c3 0 3ff 3 1 0 0 1bff 0 0
611 c1c2 0 3ff 3 1 0 0 1bff 0 0
612 c1c1 0 3ff 3 1 0 0 1bff 0 0
613 c1c0 0 3ff 3 1 0 0 1bff 0 0
614 c1bf 0 3ff 3 1 0 0 1bff 0 0
615 c1be 0 3ff 3 1 0 0 1bff 0 0
616 c1bd 0 3ff 3 1 0 0 1bff 0 0
617 c1bc 0 3ff 3 1 0 0 1bff 0 0
618 c1bb 0 3ff 3 1 0 0 1bff 0 0
619 c1ba 0 3ff 3 1 0 0 1bff 0 0
620 c1b9 0 3ff 3 1 0 0 1bff 0 0
621 c1b8 0 3ff 3 1 0 0 1bff 0 0
622 c1b7 0 3ff 3 1 0 0 1bff 0 0
623 c1b6 0 3ff 3 1 0 0 1bff 0 0
624 c1b5 0 3ff 3 1 0 0 1bff 0 0
625 c1b4 0 3ff 3 1 0 0 1bff 0 0
626 c1b3 0 3ff 3 1 0 0 1bff 0 0
627 c1b2 0 3ff 3 1 0 0 1bff 0 0
628 c1b1 0 3ff 3 1 0 0 1bff 0 0
629 c1b0 0 3ff 3 1 0 0 1bff 0 0
630 c1af 0 3ff 3 1 0 0 1bff 0 0
631 c1ae 0 3ff 3 1 0 0 1bff 0 0
632 c1ad 0 3ff 3 1 0 0 1bff 0 0
633 c1ac 0 3ff 3 1 0 0 1bff 0 0
634 c1ab 0 3ff 3 1 0 0 1bff 0 0
635 c1aa 0 3ff 3 1 0 0 1bff 0 0
636 c1a9 0 3ff 3 1 0 0 1bff 0 0
637 c1a8 0 3ff 3 1 0 0 1bff 0 0
638 c1a7 0 3ff 3 1 0 0 1bff 0 0
639 c1a6 0 3ff 3 1 0 0 1bff 0 0
640 c1a5 0 3ff 3 1 0 0 1bff 0 0
641 c1a4 0 3ff 3 1 0 0 1bff 0 0
642 c1a3 0 3ff 3 1 0 0 1bff 0 0
643 c1a2 0 3ff 3 1 0 0 1bff 0 0
644 c1a1 0 3ff 3 1 0 0 1bff 0 0
645 c1a0 0 3ff 3 1 0 0 1bff 0 0
646 c19f 0 3ff 3 1 0 0 1bff 0 0
647 c19e 0 3ff 3 1 0 0 1bff 0 0
648 c19d 0 3ff 3 1 0 0 1bff 0 0
649 c19c 0 3ff 3 1 0 0 1bff 0 0
650 c19b 0 3ff 3 1 0 0 1bff 0 0
651 c19a 0 3ff 3 1 0 0 1bff 0 0
652 c199 0 3ff 3 1 0 0 1bff 0 0
653 c198 0 3ff 3 1 0 0 1bff 0 0
654 c197 0 3ff 3 1 0 0 1bff 0 0
655 c196 0 3ff 3 1 0 0 1bff 0 0
656 c195 0 3ff 3 1 0 0 1bff 0 0
657 c194 0 3ff 3 1 0 0 1bff 0 0
658 c193 0 3ff 3 1 0 0 1bff 0 0
659 c192 0 3ff 3 1 0 0 1bff 0 0
660 c191 0 3ff 3 1 0 0 1bff 0 0
661 c190 0 3ff 3 1 0 0 1bff 0 0
662 c18f 0 3ff 3 1 0 0 1bff 0 0
663 c18e 0 3ff 3 1 0 0 1bff 0 0
664 c18d 0 3ff 3 1 0 0 1bff 0 0
665 c18c 0 3ff 3 1 0 0 1bff 0 0
666 c18b 0 3ff 3 1 0 0 1bff 0 0
667 c18a 0 3ff 3 1 0 0 1bff 0 0
668 c189 0 3ff 3 1 0 0 1bff 0 0
669 c188 0 3ff 3 1 0 0 1bff 0 0
670 c187 0 3ff 3 1 0 0 1bff 0 0
671 c186 0 3ff 3 1 0 0 1bff 0 0
672 c185 0 3ff 3 1 0 0 1bff 0 0
673 c184 0 3ff 3 1 0 0 1bff 0 0
674 c183 0 3ff 3 1 0 0 1bff 0 0
675 c182 0 3ff 3 1 0 0 1bff 0 0
676 c181 0 3ff 3 1 0 0 1bff 0 0
677 c180 0 3ff 3 1 0 0 1bff 0 0
678 c17f 0 3ff 3 1 0 0 1bff 0 0
679 c17e 0 3ff 3 1 0 0 1bff 0 0
680 c17d 0 3ff 3 1 0 0 1bff 0 0
681 c17c 0 3ff 3 1 0 0 1bff 0 0
682 c17b 0 3ff 3 1 0 0 1bff 0 0
683 c17a 0 3ff 3 1 0 0 1bff 0 0
684 c179 0 3ff 3 1 0 0 1bff 0 0
685 c178 0 3ff 3 1 0 0 1bff 0 0
686 c177 0 3ff 3 1 0 0 1bff 0 0
687 c176 0 3ff 3 1 0 0 1bff 0 0
688 c175 0 3ff 3 1 0 0 1bff 0 0
689 c174 0 3ff 3 1 0 0 1bff 0 0
690 c173 0 3ff 3 1 0 0 1bff 0 0
691 c172 0 3ff 3 1 0 0 1bff 0 0
692 c171 0 3ff 3 1 0 0 1bff 0 0
693 c170 0 3ff 3 1 0 0 1bff 0 0
694 c16f 0 3ff 3 1 0 0 1bff 0 0
695 c16e 0 3ff 3 1 0 0 1bff 0 0
696 c16d 0 3ff 3 1 0 0 1bff 0 0
697 c16c 0 3ff 3 1 0 0 1bff 0 0
698 c16b 0 3ff 3 1 0 0 1bff 0 0
699 c16a 0 3ff 3 1 0 0 1bff 0 0
700 c169 0 3ff 3 1 0 0 1bff 0 0
701 c168 0 3ff 3 1 0 0 1bff 0 0
702 c167 0 3ff 3 1 0 0 1bff 0 0
703 c166 0 3ff 3 1 0 0 1bff 0 0
704 c165 0 3ff 3 1 0 0 1bff 0 0
705 c164 0 3ff 3 1 0 0 1bff 0 0
706 c163 0 3ff 3 1 0 0 1bff 0 0
707 c162 0 3ff 3 1 0 0 1bff 0 0
708 c161 0 3ff 3 1 0 0 1bff 0 0
709 c160 0 3ff 3 1 0 0 1bff 0 0
710 c15f 0 3ff 3 1 0 0 1bff 0 0
711 c15e 0 3ff 3 1 0 0 1bff 0 0
712 c15d 0 3ff 3 1 0 0 1bff 0 0
713 c15c 0 3ff 3 1 0 0 1bff 0 0
714 c15b 0 3ff 3 1 0 0 1bff 0 0
715 c15a 0 3ff 3 1 0 0 1bff 0 0
716 c159 0 3ff 3 1 0 0 1bff 0 0
717 c158 0 3ff 3 1 0 0 1bff 0 0
718 c157 0 3ff 3 1 0 0 1bff 0 0
719 c156 0 3ff 3 1 0 0 1bff 0 0
720 c155 0 3ff 3 1 0 0 1bff 0 0
721 c154 0 3ff 3 1 0 0 1bff 0 0
722 c153 0 3ff 3 1 0 0 1bff 0 0
723 c152 0 3ff 3 1 0 0 1bff 0 0
724 c151 0 3ff 3 1 0 0 1bff 0 0
725 c150 0 3ff 3 1 0 0 1bff 0 0
726 c14f 0 3ff 3 1 0 0 1bff 0 0
727 c14e 0 3ff 3 1 0 0 1bff 0 0
728 c14d 0 3ff 3 1 0 0 1bff 0 0
729 c14c 0 3ff 3 1 0 0 1bff 0 0
730 c14b 0 3ff 3 1 0 0 1bff 0 0
731 c14a 0 3ff 3 1 0 0 1bff 0 0
732 c149 0 3ff 3 1 0 0 1bff 0 0
733 c148 0 3ff 3 1 0 0 1bff 0 0
734 c147 0 3ff 3 1 0 0 1bff 0 0
735 c146 0 3ff 3 1 0 0 1bff 0 0
736 c145 0 3ff 3 1 0 0 1bff 0 0
737 c144 0 3ff 3 1 0 0 1bff 0 0
738 c143 0 3ff 3 1 0 0 1bff 0 0
739 c142 0 3ff 3 1 0 0 1bff 0 0
740 c141 0 3ff 3 1 0 0 1bff 0 0
741 c140 0 3ff 3 1 0 0 1bff 0 0
742 c13f 0 3ff 3 1 0 0 1bff 0 0
743 c13e 0 3ff 3 1 0 0 1bff 0 0
744 c13d 0 3ff 3 1 0 0 1bff 0 0
745 c13c 0 3ff 3 1 0 0 1bff 0 0
746 c13b 0 3ff 3 1 0 0 1bff 0 0
747 c13a 0 3ff 3 1 0 0 1bff 0 0
748 c139 0 3ff 3 1 0 0 1bff 0 0
749 c138 0 3ff 3 1 0 0 1bff 0 0
750 c137 0 3ff 3 1 0 0 1bff 0 0
751 c136 0 3ff 3 1 0 0 1bff 0 0
752 c135 0 3ff 3 1 0 0 1bff 0 0
753 c134 0 3ff 3 1 0 0 1bff 0 0
754 c133 0 3ff 3 1 0 0 1bff 0 0
755 c132 0 3ff 3 1 0 0 1bff 0 0
756 c131 0 3ff 3 1 0 0 1bff 0 0
757 c130 0 3ff 3 1 0 0 1bff 0 0
758 c12f 0 3ff 3 1 0 0 1bff 0 0
759 c12e 0 3ff 3 1 0 0 1bff 0 0
760 c12d 0 3ff 3 1 0 0 1bff 0 0
761 c12c 0 3ff 3 1 0 0 1bff 0 0
762 c12b 0 3ff 3 1 0 0 1bff 0 0
763 c12a 0 3ff 3 1 0 0 1bff 0 0
764 c129 0 3ff 3 1 0 0 1bff 0 0
765 c128 0 3ff 3 1 0 0 1bff 0 0
766 c127 0 3ff 3 1 0 0 1bff 0 0
767 c126 0 3ff 3 1 0 0 1bff 0 0
768 c125 0 3ff 3 1 0 0 1bff 0 0
769 c124 0 3ff 3 1 0 0 1bff 0 0
770 c123 0 3ff 3 1 0 0 1bff 0 0
771 c122 0 3ff 3 1 0 0 1bff 0 0
772 c121 0 3ff 3 1 0 0 1bff 0 0
773 c120 0 3ff 3 1 0 0 1bff 0 0
774 c11f 0 3ff 3 1 0 0 1bff 0 0
775 c11e 0 3ff 3 1 0 0 1bff 0 0
776 c11d 0 3ff 3 1 0 0 1bff 0 0
777 c11c 0 3ff 3 1 0 0 1bff 0 0
778 c11b 0 3ff 3 1 0 0 1bff 0 0
779 c11a 0 3ff 3 1 0 0 1bff 0 0
780 c119 0 3ff 3 1 0 0 1bff 0 0
781 c118 0 3ff 3 1 0 0 1bff 0 0
782 c117 0 3ff 3 1 0 0 1bff 0 0
783 c116 0 3ff 3 1 0 0 1bff 0 0
784 c115 0 3ff 3 1 0 0 1bff 0 0
785 c114 0 3ff 3 1 0 0 1bff 0 0
786 c113 0 3ff 3 1 0 0 1bff 0 0
787 c112 0 3ff 3 1 0 0 1bff 0 0
788 c111 0 3ff 3 1 0 0 1bff 0 0
789 c110 0 3ff 3 1 0 0 1bff 0 0
790 c10f 0 3ff 3 1 0 0 1bff 0 0
791 c10e 0 3ff 3 1 0 0 1bff 0 0
792 c10d 0 3ff 3 1 0 0 1bff 0 0
793 c10c 0 3ff 3 1 0 0 1bff 0 0
794 c10b 0 3ff 3 1 0 0 1bff 0 0
795 c10a 0 3ff 3 1 0 0 1bff 0 0
796 c109 0 3ff 3 1 0 0 1bff 0 0
797 c108 0 3ff 3 1 0 0 1bff 0 0
798 c107 0 3ff 3 1 0 0 1bff 0 0
799 c106 0 3ff 3 1 0 0 1bff 0 0
800 c105 0 3ff 3 1 0 0 1bff 0 0
801 c104 0 3ff 3 1 0 0 1bff 0 0
802 c103 0 3ff 3 1 0 0 1bff 0 0
803 c102 0 3ff 3 1 0 0 1bff 0 0
804 c101 0 3ff 3 1 0 0 1bff 0 0
805 c100 0 3ff 3 1 0 0 1bff 0 0
806 c0ff 0 3ff 3 1 0 0 1bff 0 0
807 c0fe 0 3ff 3 1 0 0 1bff 0 0
808 c0fd 0 3ff 3 1 0 0 1bff 0 0
809 c0fc 0 3ff 3 1 0 0 1bff 0 0
810 c0fb 0 3ff 3 1 0 0 1bff 0 0
811 c0fa 0 3ff 3 1 0 0 1bff 0 0
812 c0f9 0 3ff 3 1 0 0 1bff 0 0
813 c0f8 0 3ff 3 1 0 0 1bff 0 0
814 c0f7 0 3ff 3 1 0 0 1bff 0 0
815 c0f6 0 3ff 3 1 0 0 1bff 0 0
816 c0f5 0 3ff 3 1 0 0 1bff 0 0
817 c0f4 0 3ff 3 1 0 0 1bff 0 0
818 c0f3 0 3ff 3 1 0 0 1bff 0 0
819 c0f2 0 3ff 3 1 0 0 1bff 0 0
820 c0f1 0 3ff 3 1 0 0 1bff 0 0
821 c0f0 0 3ff 3 1 0 0 1bff 0 0
822 c0ef 0 3ff 3 1 0 0 1bff 0 0
823 c0ee 0 3ff 3 1 0 0 1bff 0 0
824 c0ed 0 3ff 3 1 0 0 1bff 0 0
825 c0ec 0 3ff 3 1 0 0 1bff 0 0
826 c0eb 0 3ff 3 1 0 0 1bff 0 0
827 c0ea 0 3ff 3 1 0 0 1bff 0 0
828 c0e9 0 3ff 3 1 0 0 1bff 0 0
829 c0e8 0 3ff 3 1 0 0 1bff 0 0
830 c0e7 0 3ff 3 1 0 0 1bff 0 0
831 c0e6 0 3ff 3 1 0 0 1bff 0 0
832 c0e5 0 3ff 3 1 0 0 1bff 0 0
833 c0e4 0 3ff 3 1 0 0 1bff 0 0
834 c0e3 0 3ff 3 1 0 0 1bff 0 0
835 c0e2 0 3ff 3 1 0 0 1bff 0 0
836 c0e1 0 3ff 3 1 0 0 1bff 0 0
837 c0e0 0 3ff 3 1 0 0 1bff 0 0
838 c0df 0 3ff 3 1 0 0 1bff 0 0
839 c0de 0 3ff 3 1 0 0 1bff 0 0
840 c0dd 0 3ff 3 1 0 0 1bff 0 0
841 c0dc 0 3ff 3 1 0 0 1bff 0 0
842 c0db 0 3ff 3 1 0 0 1bff 0 0
843 c0da 0 3ff 3 1 0 0 1bff 0 0
844 c0d9 0 3ff 3 1 0 0 1bff 0 0
845 c0d8 0 3ff 3 1 0 0 1bff 0 0
846 c0d7 0 3ff 3 1 0 0 1bff 0 0
847 c0d6 0 3ff 3 1 0 0 1bff 0 0
848 c0d5 0 3ff 3 1 0 0 1bff 0 0
849 c0d4 0 3ff 3 1 0 0 1bff 0 0
850 c0d3 0 3ff 3 1 0 0 1bff 0 0
851 c0d2 0 3ff 3 1 0 0 1bff 0 0
852 c0d1 0 3ff 3 1 0 0 1bff 0 0
853 c0d0 0 3ff 3 1 0 0 1bff 0 0
854 c0cf 0 3ff 3 1 0 0 1bff 0 0
855 c0ce 0 3ff 3 1 0 0 1bff 0 0
856 c0cd 0 3ff 3 1 0 0 1bff 0 0
857 c0cc 0 3ff 3 1 0 0 1bff 0 0
858 c0cb 0 3ff 3 1 0 0 1bff 0 0
859 c0ca 0 3ff 3 1 0 0 1bff 0 0
860 c0c9 0 3ff 3 1 0 0 1bff 0 0
861 c0c8 0 3ff 3 1 0 0 1bff 0 0
862 c0c7 0 3ff 3 1 0 0 1bff 0 0
863 c0c6 0 3ff 3 1 0 0 1bff 0 0
864 c0c5 0 3ff 3 1 0 0 1bff 0 0
865 c0c4 0 3ff 3 1 0 0 1bff 0 0
866 c0c3 0 3ff 3 1 0 0 1bff 0 0
867 c0c2 0 3ff 3 1 0 0 1bff 0 0
868 c0c1 0 3ff 3 1 0 0 1bff 0 0
869 c0c0 0 3ff 3 1 0 0 1bff 0 0
870 c0bf 0 3ff 3 1 0 0 1bff 0 0
871 c0be 0 3ff 3 1 0 0 1bff 0 0
872 c0bd 0 3ff 3 1 0 0 1bff 0 0
873 c0bc 0 3ff 3 1 0 0 1bff 0 0
874 c0bb 0 3ff 3 1 0 0 1bff 0 0
875 c0ba 0 3ff 3 1 0 0 1bff 0 0
876 c0b9 0 3ff 3 1 0 0 1bff 0 0
877 c0b8 0 3ff 3 1 0 0 1bff 0 0
878 c0b7 0 3ff 3 1 0 0 1bff 0 0
879 c0b6 0 3ff 3 1 0 0 1bff 0 0
880 c0b5 0 3ff 3 1 0 0 1bff 0 0
881 c0b4 0 3ff 3 1 0 0 1bff 0 0
882 c0b3 0 3ff 3 1 0 0 1bff 0 0
883 c0b2 0 3ff 3 1 0 0 1bff 0 0
884 c0b1 0 3ff 3 1 0 0 1bff 0 0
885 c0b0 0 3ff 3 1 0 0 1bff 0 0
886 c0af 0 3ff 3 1 0 0 1bff 0 0
887 c0ae 0 3ff 3 1 0 0 1bff 0 0
888 c0ad 0 3ff 3 1 0 0 1bff 0 0
889 c0ac 0 3ff 3 1 0 0 1bff 0 0
890 c0ab 0 3ff 3 1 0 0 1bff 0 0
891 c0aa 0 3ff 3 1 0 0 1bff 0 0
892 c0a9 0 3ff 3 1 0 0 1bff 0 0
893 c0a8 0 3ff 3 1 0 0 1bff 0 0
894 c0a7 0 3ff 3 1 0 0 1bff 0 0
895 c0a6 0 3ff 3 1 0 0 1bff 0 0
896 c0a5 0 3ff 3 1 0 0 1bff 0 0
897 c0a4 0 3ff 3 1 0 0 1bff 0 0
898 c0a3 0 3ff 3 1 0 0 1bff 0 0
899 c0a2 0 3ff 3 1 0 0 1bff 0 0
900 c0a1 0 3ff 3 1 0 0 1bff 0 0
901 c0a0 0 3ff 3 1 0 0 1bff 0 0
902 c09f 0 3ff 3 1 0 0 1bff 0 0
903 c09e 0 3ff 3 1 0 0 1bff 0 0
904 c09d 0 3ff 3 1 0 0 1bff 0 0
905 c09c 0 3ff 3 1 0 0 1bff 0 0
906 c09b 0 3ff 3 1 0 0 1bff 0 0
907 c09a 0 3ff 3 1 0 0 1bff 0 0
908 c099 0 3ff 3 1 0 0 1bff 0 0
909 c098 0 3ff 3 1 0 0 1bff 0 0
910 c097 0 3ff 3 1 0 0 1bff 0 0
911 c096 0 3ff 3 1 0 0 1bff 0 0
912 c095 0 3ff 3 1 0 0 1bff 0 0
913 c094 0 3ff 3 1 0 0 1bff 0 0
914 c093 0 3ff 3 1 0 0 1bff 0 0
915 c092 0 3ff 3 1 0 0 1bff 0 0
916 c091 0 3ff 3 1 0 0 1bff 0 0
917 c090 0 3ff 3 1 0 0 1bff 0 0
918 c08f 0 3ff 3 1 0 0 1bff 0 0
919 c08e 0 3ff 3 1 0 0 1bff 0 0
920 c08d 0 3ff 3 1 0 0 1bff 0 0
921 c08c 0 3ff 3 1 0 0 1bff 0 0
922 c08b 0 3ff 3 1 0 0 1bff 0 0
923 c08a 0 3ff 3 1 0 0 1bff 0 0
924 c089 0 3ff 3 1 0 0 1bff 0 0
925 c088 0 3ff 3 1 0 0 1bff 0 0
926 c087 0 3ff 3 1 0 0 1bff 0 0
927 c086 0 3ff 3 1 0 0 1bff 0 0
928 c085 0 3ff 3 1 0 0 1bff 0 0
929 c084 0 3ff 3 1 0 0 1bff 0 0
930 c083 0 3ff 3 1 0 0 1bff 0 0
931 c082 0 3ff 3 1 0 0 1bff 0 0
932 c081 0 3ff 3 1 0 0 1bff 0 0
933 c080 0 3ff 3 1 0 0 1bff 0 0
934 c07f 0 3ff 3 1 0 0 1bff 0 0
935 c07e 0 3ff 3 1 0 0 1bff 0 0
936 c07d 0 3ff 3 1 0 0 1bff 0 0
937 c07c 0 3ff 3 1 0 0 1bff 0 0
938 c07b 0 3ff 3 1 0 0 1bff 0 0
939 c07a 0 3ff 3 1 0 0 1bff 0 0
940 c079 0 3ff 3 1 0 0 1bff 0 0
941 c078 0 3ff 3 1 0 0 1bff 0 0
942 c077 0 3ff 3 1 0 0 1bff 0 0
943 c076 0 3ff 3 1 0 0 1bff 0 0
944 c075 0 3ff 3 1 0 0 1bff 0 0
945 c074 0 3ff 3 1 0 0 1bff 0 0
946 c073 0 3ff 3 1 0 0 1bff 0 0
947 c072 0 3ff 3 1 0 0 1bff 0 0
948 c071 0 3ff 3 1 0 0 1bff 0 0
949 c070 0 3ff 3 1 0 0 1bff 0 0
950 c06f 0 3ff 3 1 0 0 1bff 0 0
951 c06e 0 3ff 3 1 0 0 1bff 0 0
952 c06d 0 3ff 3 1 0 0 1bff 0 0
953 c06c 0 3ff 3 1 0 0 1bff 0 0
954 c06b 0 3ff 3 1 0 0 1bff 0 0
955 c06a 0 3ff 3 1 0 0 1bff 0 0
956 c069 0 3ff 3 1 0 0 1bff 0 0
957 c068 0 3ff 3 1 0 0 1bff 0 0
958 c067 0 3ff 3 1 0 0 1bff 0 0
959 c066 0 3ff 3 1 0 0 1bff 0 0
960 c065 0 3ff 3 1 0 0 1bff 0 0
961 c064 0 3ff 3 1 0 0 1bff 0 0
962 c063 0 3ff 3 1 0 0 1bff 0 0
963 c062 0 3ff 3 1 0 0 1bff 0 0
964 c061 0 3ff 3 1 0 0 1bff 0 0
965 c060 0 3ff 3 1 0 0 1bff 0 0
966 c05f 0 3ff 3 1 0 0 1bff 0 0
967 c05e 0 3ff 3 1 0 0 1bff 0 0
968 c05d 0 3ff 3 1 0 0 1bff 0 0
969 c05c 0 3ff 3 1 0 0 1bff 0 0
970 c05b 0 3ff 3 1 0 0 1bff 0 0
971 c05a 0 3ff 3 1 0 0 1bff 0 0
972 c059 0 3ff 3 1 0 0 1bff 0 0
973 c058 0 3ff 3 1 0 0 1bff 0 0
974 c057 0 3ff 3 1 0 0 1bff 0 0
975 c056 0 3ff 3 1 0 0 1bff 0 0
976 c055 0 3ff 3 1 0 0 1bff 0 0
977 c054 0 3ff 3 1 0 0 1bff 0 0
978 c053 0 3ff 3 1 0 0 1bff 0 0
979 c052 0 3ff 3 1 0 0 1bff 0 0
980 c051 0 3ff 3 1 0 0 1bff 0 0
981 c050 0 3ff 3 1 0 0 1bff 0 0
982 c04f 0 3ff 3 1 0 0 1bff 0 0
983 c04e 0 3ff 3 1 0 0 1bff 0 0
984 c04d 0 3ff 3 1 0 0 1bff 0 0
985 c04c 0 3ff 3 1 0 0 1bff 0 0
986 c04b 0 3ff 3 1 0 0 1bff 0 0
987 c04a 0 3ff 3 1 0 0 1bff 0 0
988 c049 0 3ff 3 1 0 0 1bff 0 0
989 c048 0 3ff 3 1 0 0 1bff 0 0
990 c047 0 3ff 3 1 0 0 1bff 0 0
991 c046 0 3ff 3 1 0 0 1bff 0 0
992 c045 0 3ff 3 1 0 0 1bff 0 0
993 c044 0 3ff 3 1 0 0 1bff 0 0
994 c043 0 3ff 3 1 0 0 1bff 0 0
995 c042 0 3ff 3 1 0 0 1bff 0 0
996 c041 0 3ff 3 1 0 0 1bff 0 0
997 c040 0 3ff 3 1 0 0 1bff 0 0
998 c03f 0 3ff 3 1 0 0 1bff 0 0
999 c03e 0 3ff 3 1 0 0 1bff 0 0
