tests/eg_kprobe/model/p0 edb6 728 0122741
31 1 31 0 31 0 0 512
31 6 31 0 31 0 0 512
31 14 31 0 31 0 0 512
31 22 31 0 31 0 0 512
tests/eg_kprobe/model/p1 d0ca 704 1776167
31 1 31 0 31 0 0 512
31 6 31 0 31 0 0 512
31 14 31 0 31 0 0 512
31 22 31 0 31 0 0 512
tests/eg_kprobe/model/p2 b345 679 3433032
31 1 31 0 31 0 0 512
31 6 31 0 31 0 0 512
31 14 31 0 31 0 0 512
31 22 31 0 31 0 0 512
tests/eg_kprobe/model/p3 9580 654 5091357
31 1 31 0 31 0 0 512
31 6 31 0 31 0 0 512
31 14 31 0 31 0 0 512
31 22 31 0 31 0 0 512
tests/eg_kprobe/model/p4 782d 629 6747091
31 1 31 0 31 0 0 512
31 6 31 0 31 0 0 512
31 14 31 0 31 0 0 512
31 22 31 0 31 0 0 512
tests/eg_kprobe/model/p5 5a6d 604 8405307
31 1 31 0 31 0 0 512
31 6 31 0 31 0 0 512
31 14 31 0 31 0 0 512
31 22 31 0 31 0 0 512
tests/eg_kprobe/model/p6 3b7f 578 10070335
31 1 31 0 31 0 0 512
31 6 31 0 31 0 0 512
31 14 31 0 31 0 0 512
31 22 31 0 31 0 0 512
tests/eg_kprobe/model/p7 18c3 549 11757381
31 1 31 0 31 0 0 512
31 6 31 0 31 0 0 512
31 14 31 0 31 0 0 512
31 22 31 0 31 0 0 512
