batch 0 samples=5120 capture_errors=0
 input n=650 A=1000
  F=1ffe low: -1 0 -1 7999 0 -1 -1 0 -1 -1 0 -1 -1
  F=1ffc low: 0 0 0 7936 92 -31 -1 0 0 0 0 0 0
  F=1e00 low: 0 0 0 2000 2500 2125 1406 695 165 -141 -259 -254 -188
 input n=1162 A=-1000
  F=1ffe low: -1 -1 0 -8001 -1 0 -1 -1 0 -1 -1 0 -1
  F=1ffc low: 0 0 0 -7938 -93 29 1 -1 -1 -1 -1 -1 -1
  F=1e00 low: 0 0 0 -2000 -2500 -2125 -1406 -695 -166 140 258 252 186
 input n=1674 A=7
  F=1ffe low: 0 -1 -1 56 -1 -1 0 -1 -1 0 -1 -1 0
  F=1ffc low: -1 -1 -1 54 0 -1 -1 -1 -1 -1 -1 -1 -1
  F=1e00 low: -1 -1 -1 13 16 14 9 4 1 -1 -2 -2 -2
 input n=2186 A=-7
  F=1ffe low: -1 0 -1 -57 0 -1 -1 0 -1 -1 0 -1 -1
  F=1ffc low: -1 -1 -1 -55 -2 -1 -1 -1 -1 -1 -1 -1 -1
  F=1e00 low: -1 -1 -1 -15 -18 -15 -10 -5 -2 0 1 1 1
 input n=2698 A=1
  F=1ffe low: -1 -1 0 7 -1 0 -1 -1 0 -1 -1 0 -1
  F=1ffc low: -1 -1 -1 7 1 -1 -1 -1 -1 -1 -1 -1 -1
  F=1e00 low: 0 0 0 2 2 2 1 0 0 0 0 0 0
 input n=3210 A=-1
  F=1ffe low: 0 -1 -1 -8 -1 -1 0 -1 -1 0 -1 -1 0
  F=1ffc low: -1 -1 -1 -8 -1 -1 -1 -1 -1 -1 -1 -1 -1
  F=1e00 low: 0 0 0 -2 -3 -3 -2 -1 -1 -1 -1 -1 -1
 input n=3722 A=1000
  F=1ffe low: -1 0 -1 7999 0 -1 -1 0 -1 -1 0 -1 -1
  F=1ffc low: -1 -1 -1 7937 92 -30 -2 0 0 0 0 0 0
  F=1e00 low: -1 -1 -1 1999 2499 2124 1406 695 166 -140 -258 -253 -187
batch 1 samples=5120 capture_errors=0
 input n=650 A=1000
  F=1dfe low: -1 -1 -1 1991 2493 2123 1409 700 171 -137 -257 -253 -188
  F=1dfc low: 0 0 0 1985 2489 2124 1414 706 176 -134 -257 -255 -191
  F=1c00 low: 0 0 0 500 844 1049 1137 1132 1058 936 786 624 464
 input n=1162 A=-1000
  F=1dfe low: -1 -1 -1 -1993 -2495 -2125 -1410 -701 -171 137 257 253 188
  F=1dfc low: -1 -1 -1 -1985 -2489 -2124 -1414 -707 -177 133 255 253 189
  F=1c00 low: -3 -3 -3 -503 -847 -1052 -1140 -1135 -1060 -938 -788 -626 -465
 input n=1674 A=7
  F=1dfe low: 2 2 2 15 17 14 9 4 0 -2 -3 -3 -3
  F=1dfc low: 2 2 2 15 17 14 9 4 0 -2 -3 -3 -3
  F=1c00 low: 2 2 2 5 7 8 8 8 7 6 5 4 3
 input n=2186 A=-7
  F=1dfe low: -1 -1 -1 -14 -17 -15 -10 -5 -2 0 1 1 1
  F=1dfc low: -1 -1 -1 -14 -17 -15 -10 -5 -2 0 1 1 1
  F=1c00 low: -1 -1 -1 -5 -8 -9 -10 -10 -9 -8 -7 -6 -5
 input n=2698 A=1
  F=1dfe low: 1 1 1 2 2 2 2 2 2 2 2 2 2
  F=1dfc low: 1 1 1 2 2 2 2 2 2 2 2 2 2
  F=1c00 low: 0 0 0 1 2 2 2 2 2 2 2 2 2
 input n=3210 A=-1
  F=1dfe low: 2 2 2 0 -1 -1 -1 -1 -1 -1 -1 -1 -1
  F=1dfc low: 2 2 2 0 -1 -1 -1 -1 -1 -1 -1 -1 -1
  F=1c00 low: 2 2 2 1 0 0 0 0 0 0 0 0 0
 input n=3722 A=1000
  F=1dfe low: -1 -1 -1 1991 2493 2123 1409 700 171 -137 -257 -253 -188
  F=1dfc low: -1 -1 -1 1983 2487 2123 1414 707 177 -133 -256 -254 -190
  F=1c00 low: 0 0 0 500 843 1048 1136 1131 1057 935 785 623 463
batch 2 samples=5120 capture_errors=0
 input n=650 A=1000
  F=1bfe low: -1 -1 -1 498 841 1046 1135 1131 1058 937 788 627 467
  F=1bfc low: -1 -1 -1 496 838 1043 1132 1129 1057 937 789 629 470
  F=1a00 low: -3 -3 -3 122 230 321 395 454 498 529 548 556 554
 input n=1162 A=-1000
  F=1bfe low: -3 -3 -3 -501 -843 -1047 -1135 -1131 -1057 -936 -787 -626 -466
  F=1bfc low: -3 -3 -3 -499 -840 -1044 -1133 -1130 -1057 -937 -789 -629 -470
  F=1a00 low: -1 -1 -1 -126 -234 -325 -399 -458 -502 -533 -552 -560 -558
 input n=1674 A=7
  F=1bfe low: 2 2 2 5 7 8 8 8 7 6 5 4 3
  F=1bfc low: 2 2 2 5 7 8 8 8 7 6 5 4 3
  F=1a00 low: 0 0 0 1 2 3 4 5 6 6 6 6 6
 input n=2186 A=-7
  F=1bfe low: -1 -1 -1 -5 -7 -8 -9 -9 -9 -8 -7 -6 -5
  F=1bfc low: -1 -1 -1 -5 -7 -8 -9 -9 -9 -8 -7 -6 -5
  F=1a00 low: 6 6 6 5 4 3 2 1 0 -1 -1 -1 -1
 input n=2698 A=1
  F=1bfe low: 0 0 0 1 1 1 1 1 1 1 1 1 1
  F=1bfc low: 0 0 0 1 1 1 1 1 1 1 1 1 1
  F=1a00 low: -1 -1 -1 -1 -1 -1 -1 -1 -1 -1 -1 -1 -1
 input n=3210 A=-1
  F=1bfe low: 1 1 1 1 1 1 1 1 1 1 1 1 1
  F=1bfc low: 1 1 1 1 1 1 1 1 1 1 1 1 1
  F=1a00 low: -1 -1 -1 -1 -1 -1 -1 -1 -1 -1 -1 -1 -1
 input n=3722 A=1000
  F=1bfe low: 1 1 1 499 841 1046 1134 1130 1056 935 786 625 465
  F=1bfc low: 1 1 1 497 838 1042 1131 1128 1056 936 788 628 469
  F=1a00 low: -1 -1 -1 124 231 321 395 453 497 528 547 555 553
batch 3 samples=5120 capture_errors=0
 input n=650 A=1000
  F=19fe low: -3 -3 -3 122 229 319 393 452 497 528 547 555 554
  F=19fc low: -3 -3 -3 121 228 318 392 451 495 526 545 553 552
  F=1800 low: -1 -1 -1 30 59 86 111 134 155 174 191 207 221
 input n=1162 A=-1000
  F=19fe low: -1 -1 -1 -126 -233 -323 -397 -456 -500 -531 -550 -558 -556
  F=19fc low: -1 -1 -1 -125 -232 -322 -396 -455 -499 -530 -549 -557 -556
  F=1800 low: 0 0 0 -31 -60 -87 -112 -135 -156 -175 -192 -207 -220
 input n=1674 A=7
  F=19fe low: 0 0 0 1 2 3 4 5 6 6 6 6 6
  F=19fc low: 0 0 0 1 2 3 4 5 6 6 6 6 6
  F=1800 low: -1 -1 -1 -1 -1 -1 -1 -1 -1 -1 -1 -1 -1
 input n=2186 A=-7
  F=19fe low: 6 6 6 5 4 3 2 1 0 -1 -1 -1 -1
  F=19fc low: 6 6 6 5 4 3 2 1 0 -1 -1 -1 -1
  F=1800 low: -1 -1 -1 -1 -1 -1 -1 -1 -1 -1 -1 -1 -1
 input n=2698 A=1
  F=19fe low: -1 -1 -1 -1 -1 -1 -1 -1 -1 -1 -1 -1 -1
  F=19fc low: -1 -1 -1 -1 -1 -1 -1 -1 -1 -1 -1 -1 -1
  F=1800 low: -1 -1 -1 -1 -1 -1 -1 -1 -1 -1 -1 -1 -1
 input n=3210 A=-1
  F=19fe low: -1 -1 -1 -1 -1 -1 -1 -1 -1 -1 -1 -1 -1
  F=19fc low: -1 -1 -1 -1 -1 -1 -1 -1 -1 -1 -1 -1 -1
  F=1800 low: -1 -1 -1 -1 -1 -1 -1 -1 -1 -1 -1 -1 -1
 input n=3722 A=1000
  F=19fe low: -1 -1 -1 123 230 320 394 452 496 527 546 554 552
  F=19fc low: -1 -1 -1 123 229 319 392 450 494 525 544 552 551
  F=1800 low: -1 -1 -1 30 59 86 111 134 155 174 191 206 219
