-32768 -181476 -10831 -45662 1
-32766 -181465 -10830 -45658 0
-32739 -181316 -10821 -45621 1
-32728 -181255 -10817 -45605 1
-32724 -181233 -10816 -45599 1
-32709 -181150 -10811 -45579 0
-32701 -181106 -10808 -45568 1
-32654 -180845 -10793 -45502 0
-32623 -180674 -10783 -45459 0
-32596 -180524 -10773 -45422 1
-32570 -180381 -10764 -45386 1
-32521 -180109 -10749 -45318 0
-32504 -180014 -10743 -45294 1
-32493 -179953 -10740 -45278 0
-32464 -179792 -10729 -45237 0
-32407 -179477 -10711 -45158 0
-32400 -179438 -10709 -45149 0
-32339 -179100 -10688 -45064 0
-32327 -179034 -10684 -45047 0
-32322 -179006 -10683 -45040 0
-32307 -178924 -10678 -45020 0
-32187 -178258 -10638 -44851 0
-32171 -178171 -10633 -44829 1
-32168 -178153 -10632 -44825 1
-32110 -177832 -10613 -44744 1
-32072 -177622 -10600 -44692 0
-32068 -177600 -10599 -44686 1
-32063 -177572 -10598 -44679 1
-32031 -177395 -10586 -44635 1
-32001 -177228 -10577 -44592 0
-31947 -176929 -10559 -44517 0
-31913 -176741 -10548 -44470 0
-31907 -176708 -10546 -44462 1
-31906 -176702 -10546 -44461 0
-31849 -176386 -10527 -44381 1
-31737 -175767 -10489 -44225 1
-31703 -175578 -10478 -44177 0
-31651 -175290 -10462 -44106 0
-31648 -175274 -10461 -44100 1
-31643 -175246 -10459 -44093 1
-31553 -174748 -10429 -43969 1
-31503 -174471 -10413 -43898 1
-31440 -174122 -10392 -43812 0
-31405 -173928 -10380 -43761 1
-31390 -173844 -10375 -43741 0
-31377 -173773 -10371 -43723 1
-31330 -173513 -10355 -43658 1
-31268 -173169 -10335 -43572 0
-31236 -172991 -10324 -43526 0
-31134 -172427 -10291 -43385 1
-31088 -172172 -10276 -43321 1
-31083 -172144 -10273 -43313 0
-31064 -172039 -10267 -43287 1
-31022 -171807 -10253 -43228 0
-30953 -171425 -10231 -43133 0
-30906 -171165 -10215 -43067 1
-30845 -170827 -10195 -42982 1
-30827 -170727 -10189 -42957 0
-30798 -170567 -10180 -42917 1
-30783 -170484 -10175 -42896 1
-30770 -170410 -10170 -42877 1
-30668 -169846 -10136 -42735 1
-30656 -169779 -10133 -42719 1
-30639 -169687 -10127 -42696 0
-30631 -169641 -10124 -42684 0
-30621 -169587 -10121 -42670 1
-30596 -169447 -10113 -42634 1
-30577 -169342 -10106 -42609 0
-30488 -168849 -10077 -42483 0
-30454 -168661 -10066 -42437 0
-30395 -168334 -10045 -42355 0
-30373 -168212 -10039 -42323 0
-30244 -167498 -9996 -42144 0
-30226 -167398 -9990 -42119 1
-30215 -167338 -9986 -42104 1
-30100 -166701 -9948 -41943 1
-30091 -166651 -9946 -41930 0
-29945 -165842 -9897 -41728 1
-29891 -165543 -9879 -41651 1
-29802 -165050 -9850 -41529 1
-29800 -165040 -9850 -41527 1
-29765 -164845 -9838 -41477 0
-29746 -164739 -9831 -41449 0
-29582 -163832 -9778 -41222 0
-29564 -163733 -9772 -41197 0
-29536 -163577 -9762 -41157 0
-29453 -163118 -9734 -41041 1
-29445 -163073 -9732 -41031 1
-29281 -162164 -9679 -40801 0
-29256 -162026 -9669 -40767 1
-29157 -161478 -9637 -40630 0
-29119 -161268 -9625 -40576 1
-29027 -160758 -9594 -40448 0
-29018 -160708 -9591 -40436 1
-28978 -160487 -9578 -40380 1
-28884 -159967 -9547 -40249 1
-28823 -159629 -9527 -40164 1
-28823 -159628 -9527 -40164 0
-28728 -159102 -9495 -40032 0
-28660 -158725 -9472 -39937 0
-28621 -158509 -9460 -39883 1
-28580 -158282 -9446 -39825 0
-28577 -158265 -9445 -39822 0
-28536 -158038 -9432 -39764 1
-28418 -157386 -9393 -39599 1
-28367 -157103 -9375 -39529 1
-28249 -156449 -9336 -39364 0
-28240 -156399 -9334 -39352 0
-28171 -156018 -9311 -39256 1
-28170 -156012 -9311 -39254 0
-28135 -155818 -9298 -39206 1
-28102 -155635 -9289 -39160 0
-28052 -155359 -9271 -39091 1
-28042 -155303 -9268 -39075 1
-27991 -155021 -9252 -39004 1
-27943 -154754 -9235 -38938 0
-27780 -153852 -9181 -38710 1
-27771 -153802 -9178 -38698 1
-27756 -153719 -9174 -38677 0
-27751 -153691 -9173 -38670 0
-27750 -153686 -9172 -38669 0
-27693 -153369 -9153 -38590 1
-27630 -153022 -9133 -38502 1
-27491 -152251 -9086 -38308 0
-27491 -152250 -9086 -38307 1
-27478 -152180 -9083 -38290 0
-27452 -152035 -9073 -38254 0
-27421 -151865 -9064 -38210 0
-27364 -151548 -9044 -38130 1
-27317 -151288 -9029 -38066 1
-27299 -151188 -9023 -38040 1
-27289 -151132 -9020 -38027 0
-27218 -150740 -8996 -37928 0
-27199 -150634 -8989 -37902 1
-27150 -150363 -8975 -37834 0
-27141 -150313 -8971 -37821 0
-27118 -150185 -8963 -37788 1
-27035 -149726 -8936 -37672 1
-26993 -149494 -8922 -37614 1
-26960 -149310 -8910 -37569 0
-26948 -149244 -8906 -37551 0
-26827 -148574 -8867 -37383 0
-26827 -148574 -8867 -37383 1
-26791 -148374 -8855 -37332 0
-26727 -148021 -8834 -37243 0
-26720 -147981 -8831 -37234 1
-26651 -147599 -8809 -37137 1
-26647 -147578 -8807 -37132 1
-26645 -147565 -8807 -37129 0
-26548 -147029 -8775 -36994 0
-26512 -146829 -8763 -36944 0
-26431 -146381 -8736 -36831 0
-26398 -146198 -8724 -36785 0
-26374 -146065 -8717 -36752 0
-26287 -145583 -8689 -36630 1
-26286 -145578 -8688 -36628 0
-26218 -145201 -8665 -36534 1
-26210 -145157 -8663 -36523 1
-26184 -145013 -8655 -36487 1
-26150 -144825 -8644 -36439 0
-26118 -144647 -8633 -36394 1
-25982 -143894 -8587 -36206 1
-25969 -143823 -8583 -36187 1
-25889 -143379 -8557 -36076 0
-25787 -142814 -8523 -35934 1
-25771 -142726 -8518 -35911 0
-25697 -142315 -8494 -35807 0
-25642 -142011 -8474 -35732 1
-25608 -141823 -8465 -35684 0
-25231 -139734 -8338 -35158 1
-25218 -139664 -8336 -35140 0
-25196 -139541 -8328 -35111 0
-25016 -138544 -8268 -34859 0
-25010 -138511 -8266 -34851 1
-25006 -138489 -8266 -34845 0
-24977 -138329 -8255 -34805 1
-24945 -138152 -8245 -34760 1
-24942 -138135 -8244 -34756 1
-24908 -137946 -8233 -34709 1
-24881 -137796 -8223 -34671 1
-24800 -137348 -8197 -34559 0
-24785 -137266 -8192 -34539 0
-24766 -137160 -8186 -34511 0
-24742 -137026 -8178 -34478 1
-24737 -136999 -8177 -34470 1
-24729 -136955 -8173 -34459 1
-24682 -136694 -8158 -34393 1
-24663 -136589 -8151 -34367 0
-24619 -136345 -8137 -34306 1
-24560 -136018 -8118 -34223 1
-24554 -135986 -8116 -34215 1
-24551 -135969 -8114 -34211 1
-24535 -135881 -8110 -34189 1
-24500 -135687 -8097 -34141 1
-24498 -135676 -8098 -34138 1
-24443 -135371 -8078 -34061 1
-24377 -135005 -8057 -33969 0
-24261 -134364 -8019 -33808 0
-24248 -134291 -8015 -33788 0
-24209 -134075 -8002 -33735 1
-24182 -133925 -7993 -33697 0
-24166 -133837 -7987 -33675 1
-24162 -133815 -7986 -33669 1
-24123 -133599 -7973 -33615 1
-24028 -133073 -7942 -33482 1
-23954 -132663 -7917 -33379 0
-23941 -132591 -7913 -33362 1
-23921 -132480 -7906 -33333 0
-23889 -132303 -7896 -33288 0
-23875 -132224 -7891 -33268 1
-23834 -131998 -7878 -33211 0
-23827 -131959 -7875 -33202 1
-23823 -131937 -7874 -33196 0
-23779 -131694 -7859 -33136 0
-23754 -131555 -7851 -33101 0
-23751 -131538 -7850 -33096 0
-23735 -131450 -7845 -33074 1
-23717 -131350 -7839 -33048 0
-23660 -131034 -7820 -32969 1
-23653 -130996 -7817 -32960 0
-23606 -130735 -7802 -32895 1
-23599 -130696 -7800 -32884 1
-23583 -130608 -7795 -32863 0
-23559 -130475 -7787 -32829 0
-23548 -130414 -7784 -32813 0
-23512 -130215 -7771 -32764 1
-23403 -129612 -7736 -32612 1
-23329 -129201 -7711 -32509 1
-23201 -128493 -7669 -32331 1
-23187 -128415 -7663 -32310 1
-23136 -128131 -7647 -32240 1
-23117 -128027 -7641 -32213 1
-23109 -127983 -7638 -32202 1
-23082 -127834 -7630 -32164 1
-23078 -127812 -7628 -32159 0
-23063 -127728 -7624 -32138 0
-22952 -127114 -7586 -31983 0
-22897 -126810 -7569 -31907 0
-22884 -126737 -7564 -31889 1
-22848 -126537 -7551 -31838 1
-22841 -126499 -7550 -31829 1
-22826 -126415 -7545 -31808 0
-22780 -126161 -7529 -31743 1
-22774 -126127 -7528 -31735 0
-22662 -125507 -7490 -31579 0
-22567 -124981 -7459 -31448 0
-22557 -124926 -7455 -31433 1
-22524 -124743 -7444 -31387 1
-22519 -124716 -7443 -31380 1
-22513 -124682 -7442 -31371 1
-22457 -124372 -7423 -31293 0
-22414 -124134 -7409 -31234 1
-22324 -123635 -7379 -31108 0
-22282 -123403 -7364 -31049 1
-22238 -123159 -7351 -30989 0
-22232 -123125 -7349 -30979 0
-22192 -122905 -7335 -30923 1
-22039 -122058 -7285 -30712 1
-22037 -122046 -7284 -30708 1
-22017 -121935 -7276 -30680 1
-21957 -121603 -7257 -30597 0
-21940 -121509 -7252 -30573 0
-21925 -121425 -7247 -30552 0
-21923 -121414 -7246 -30550 1
-21834 -120921 -7217 -30425 1
-21826 -120878 -7214 -30415 0
-21736 -120380 -7185 -30289 0
-21659 -119952 -7159 -30182 0
-21571 -119465 -7130 -30058 0
-21501 -119078 -7107 -29962 0
-21434 -118706 -7084 -29868 0
-21400 -118518 -7074 -29820 0
-21353 -118258 -7057 -29754 0
-21327 -118114 -7050 -29719 0
-21265 -117770 -7029 -29632 1
-21198 -117399 -7005 -29539 1
-21172 -117256 -6997 -29503 1
-21154 -117155 -6992 -29478 1
-21142 -117089 -6988 -29461 0
-21082 -116758 -6968 -29377 1
-21080 -116746 -6967 -29374 1
-21072 -116701 -6966 -29363 1
-21057 -116618 -6960 -29343 1
-21015 -116386 -6946 -29284 1
-20986 -116226 -6937 -29244 0
-20978 -116180 -6934 -29232 0
-20936 -115948 -6920 -29174 0
-20883 -115655 -6903 -29100 0
-20882 -115649 -6902 -29098 0
-20863 -115545 -6895 -29073 1
-20841 -115422 -6888 -29041 1
-20828 -115350 -6883 -29024 0
-20814 -115273 -6880 -29005 0
-20796 -115173 -6874 -28979 0
-20718 -114741 -6848 -28871 0
-20563 -113882 -6796 -28654 0
-20552 -113822 -6793 -28639 1
-20504 -113555 -6777 -28572 0
-20503 -113550 -6777 -28571 0
-20369 -112809 -6732 -28384 1
-20369 -112808 -6733 -28384 1
-20344 -112669 -6724 -28348 0
-20306 -112459 -6711 -28297 1
-20224 -112005 -6685 -28182 1
-20204 -111895 -6678 -28154 0
-20159 -111645 -6663 -28091 0
-20106 -111351 -6646 -28017 0
-20105 -111346 -6646 -28015 1
-20078 -111196 -6637 -27979 1
-20040 -110986 -6624 -27925 0
-20029 -110926 -6620 -27911 1
-20020 -110875 -6617 -27897 1
-19968 -110587 -6600 -27825 1
-19936 -110410 -6589 -27781 0
-19795 -109629 -6543 -27584 1
-19785 -109575 -6540 -27571 0
-19782 -109557 -6539 -27566 0
-19728 -109259 -6520 -27491 1
-19718 -109203 -6517 -27477 0
-19658 -108871 -6497 -27392 1
-19598 -108539 -6477 -27310 1
-19570 -108383 -6469 -27270 0
-19525 -108134 -6453 -27208 0
-19515 -108078 -6450 -27193 0
-19467 -107813 -6434 -27126 0
-19423 -107569 -6419 -27065 0
-19386 -107365 -6407 -27015 1
-19272 -106733 -6370 -26856 0
-19251 -106617 -6363 -26825 1
-19146 -106035 -6329 -26680 0
-19115 -105863 -6318 -26636 0
-19026 -105370 -6290 -26513 0
-18993 -105188 -6277 -26467 0
-18973 -105078 -6271 -26439 1
-18951 -104955 -6263 -26408 1
-18947 -104933 -6263 -26403 1
-18902 -104683 -6247 -26340 0
-18899 -104667 -6246 -26335 1
-18886 -104595 -6243 -26318 0
-18788 -104052 -6210 -26181 1
-18731 -103736 -6191 -26100 0
-18730 -103731 -6191 -26100 0
-18706 -103598 -6183 -26066 0
-18578 -102889 -6141 -25889 0
-18570 -102845 -6138 -25877 1
-18565 -102817 -6137 -25870 0
-18492 -102413 -6112 -25768 0
-18464 -102258 -6103 -25729 1
-18336 -101549 -6060 -25551 1
-18168 -100619 -6005 -25317 1
-18115 -100325 -5987 -25243 1
-18088 -100175 -5979 -25205 0
-18044 -99932 -5964 -25144 1
-18001 -99694 -5949 -25084 0
-17948 -99401 -5932 -25011 1
-17897 -99118 -5915 -24940 1
-17897 -99117 -5915 -24939 1
-17863 -98930 -5904 -24891 1
-17769 -98409 -5873 -24760 0
-17753 -98321 -5868 -24739 1
-17658 -97795 -5837 -24606 1
-17584 -97384 -5812 -24503 0
-17560 -97251 -5804 -24470 0
-17546 -97174 -5799 -24450 1
-17432 -96542 -5762 -24292 0
-17317 -95906 -5723 -24130 1
-17252 -95545 -5703 -24041 0
-17188 -95191 -5681 -23952 1
-17154 -95003 -5670 -23904 1
-17111 -94765 -5656 -23844 1
-17090 -94649 -5649 -23815 0
-17059 -94477 -5639 -23771 0
-16998 -94139 -5618 -23687 1
-16931 -93768 -5597 -23593 0
-16927 -93745 -5595 -23587 0
-16912 -93662 -5590 -23567 0
-16905 -93624 -5587 -23557 0
-16812 -93109 -5557 -23428 0
-16578 -91813 -5480 -23101 1
-16565 -91740 -5475 -23083 0
-16514 -91458 -5459 -23012 1
-16511 -91442 -5459 -23008 0
-16385 -90744 -5415 -22832 1
-16384 -90738 -5416 -22831 1
-16383 -90733 -5414 -22830 1
-16333 -90456 -5399 -22760 0
-16326 -90416 -5396 -22750 1
-16324 -90406 -5395 -22747 0
-16206 -89753 -5357 -22583 0
-16082 -89065 -5316 -22410 0
-15799 -87499 -5221 -22016 1
-15788 -87438 -5219 -22001 1
-15764 -87305 -5210 -21967 1
-15749 -87222 -5205 -21947 1
-15737 -87155 -5202 -21929 1
-15723 -87078 -5197 -21910 0
-15718 -87050 -5195 -21903 1
-15576 -86263 -5149 -21705 0
-15529 -86003 -5133 -21640 0
-15495 -85815 -5122 -21592 0
-15464 -85644 -5111 -21549 1
-15461 -85627 -5110 -21545 0
-15274 -84591 -5048 -21284 0
-15220 -84292 -5031 -21209 0
-15208 -84226 -5027 -21193 1
-14942 -82752 -4939 -20821 0
-14900 -82520 -4925 -20764 0
-14847 -82226 -4908 -20689 0
-14843 -82204 -4905 -20684 1
-14726 -81556 -4867 -20520 0
-14714 -81490 -4864 -20505 1
-14709 -81462 -4861 -20496 1
-14678 -81290 -4851 -20454 0
-14664 -81213 -4847 -20435 1
-14645 -81107 -4840 -20408 0
-14576 -80726 -4818 -20312 1
-14550 -80581 -4810 -20276 1
-14526 -80448 -4801 -20242 0
-14488 -80238 -4789 -20189 1
-14439 -79966 -4772 -20120 1
-14377 -79623 -4752 -20034 1
-14347 -79457 -4743 -19992 1
-14346 -79451 -4742 -19991 0
-14250 -78920 -4710 -19857 0
-14247 -78904 -4710 -19852 1
-14243 -78881 -4708 -19848 0
-14230 -78810 -4703 -19830 1
-14218 -78743 -4699 -19813 1
-14211 -78705 -4698 -19804 0
-14153 -78382 -4679 -19722 1
-14090 -78033 -4657 -19633 0
-13941 -77209 -4607 -19427 1
-13905 -77010 -4597 -19378 1
-13887 -76909 -4590 -19351 0
-13855 -76732 -4580 -19306 0
-13852 -76715 -4579 -19303 0
-13850 -76705 -4579 -19300 0
-13846 -76682 -4577 -19294 0
-13816 -76516 -4566 -19253 1
-13743 -76112 -4544 -19151 0
-13741 -76101 -4542 -19147 1
-13739 -76090 -4541 -19144 0
-13730 -76041 -4538 -19133 0
-13728 -76029 -4538 -19130 0
-13701 -75880 -4529 -19093 1
-13691 -75824 -4526 -19079 0
-13608 -75364 -4499 -18963 0
-13602 -75332 -4496 -18954 0
-13583 -75227 -4491 -18928 0
-13501 -74772 -4462 -18814 1
-13418 -74312 -4436 -18698 0
-13418 -74312 -4435 -18698 1
-13368 -74035 -4418 -18628 0
-13342 -73892 -4409 -18592 0
-13238 -73316 -4376 -18447 1
-13223 -73232 -4371 -18426 0
-13125 -72690 -4339 -18290 1
-13034 -72185 -4309 -18163 0
-13026 -72141 -4306 -18151 1
-12972 -71841 -4288 -18077 1
-12916 -71532 -4269 -17998 0
-12857 -71206 -4250 -17916 1
-12854 -71189 -4248 -17912 0
-12813 -70962 -4234 -17855 1
-12767 -70707 -4221 -17790 0
-12749 -70608 -4215 -17766 0
-12711 -70397 -4202 -17713 1
-12701 -70342 -4198 -17698 1
-12693 -70297 -4195 -17688 0
-12560 -69560 -4151 -17502 1
-12470 -69062 -4122 -17377 0
-12450 -68952 -4115 -17350 1
-12347 -68381 -4081 -17205 1
-12316 -68209 -4071 -17163 1
-12253 -67860 -4050 -17075 0
-12232 -67744 -4043 -17045 0
-12171 -67407 -4023 -16961 1
-12079 -66897 -3993 -16832 0
-12067 -66830 -3990 -16816 0
-12036 -66659 -3978 -16772 1
-12027 -66608 -3976 -16759 1
-11974 -66315 -3958 -16686 0
-11874 -65762 -3926 -16547 0
-11830 -65517 -3910 -16486 0
-11770 -65186 -3891 -16402 1
-11687 -64726 -3863 -16286 1
-11672 -64643 -3858 -16265 0
-11671 -64637 -3858 -16263 1
-11627 -64393 -3843 -16202 0
-11602 -64255 -3835 -16167 1
-11575 -64105 -3826 -16130 0
-11499 -63684 -3801 -16024 1
-11491 -63640 -3798 -16013 0
-11483 -63596 -3796 -16001 1
-11456 -63446 -3786 -15964 1
-11396 -63114 -3766 -15880 1
-11383 -63043 -3764 -15863 0
-11311 -62643 -3740 -15762 0
-11252 -62316 -3719 -15680 0
-11245 -62278 -3717 -15670 1
-11234 -62216 -3713 -15655 0
-11144 -61719 -3683 -15530 1
-11105 -61502 -3671 -15475 0
-11103 -61491 -3669 -15472 0
-11061 -61258 -3656 -15414 0
-11017 -61015 -3642 -15353 1
-10992 -60876 -3634 -15317 0
-10860 -60145 -3589 -15133 1
-10821 -59929 -3577 -15079 0
-10807 -59852 -3573 -15060 0
-10797 -59797 -3569 -15046 1
-10773 -59663 -3560 -15012 1
-10740 -59481 -3550 -14967 1
-10735 -59453 -3548 -14960 0
-10699 -59254 -3537 -14909 1
-10620 -58817 -3511 -14800 1
-10609 -58756 -3507 -14784 1
-10517 -58246 -3476 -14656 0
-10511 -58213 -3474 -14647 0
-10443 -57836 -3452 -14552 1
-10435 -57792 -3450 -14540 0
-10409 -57648 -3441 -14506 1
-10256 -56801 -3390 -14292 0
-10199 -56485 -3371 -14212 0
-10132 -56114 -3349 -14119 1
-10078 -55815 -3331 -14045 1
-10012 -55449 -3308 -13952 1
-9945 -55078 -3287 -13858 0
-9941 -55056 -3286 -13853 1
-9941 -55055 -3286 -13853 0
-9870 -54663 -3262 -13753 1
-9843 -54513 -3254 -13716 0
-9634 -53355 -3185 -13425 0
-9554 -52913 -3158 -13314 1
-9532 -52790 -3151 -13282 0
-9463 -52408 -3127 -13187 0
-9456 -52370 -3126 -13177 1
-9403 -52076 -3108 -13103 1
-9383 -51965 -3102 -13076 0
-9299 -51501 -3074 -12959 1
-9247 -51213 -3056 -12886 1
-9241 -51179 -3055 -12878 0
-9188 -50885 -3038 -12804 0
-9151 -50681 -3025 -12752 1
-9134 -50587 -3018 -12729 1
-9092 -50354 -3005 -12670 1
-9050 -50121 -2992 -12611 0
-9022 -49966 -2982 -12571 0
-8881 -49185 -2936 -12376 0
-8873 -49140 -2933 -12364 1
-8804 -48758 -2911 -12268 0
-8764 -48537 -2897 -12213 0
-8694 -48150 -2874 -12115 1
-8687 -48110 -2871 -12106 1
-8530 -47241 -2819 -11886 1
-8439 -46737 -2789 -11760 0
-8423 -46648 -2784 -11737 0
-8410 -46577 -2780 -11720 0
-8296 -45946 -2742 -11560 1
-8193 -45375 -2708 -11416 1
-8192 -45369 -2709 -11415 1
-8191 -45364 -2707 -11414 1
-8057 -44621 -2664 -11228 1
-8048 -44572 -2660 -11215 1
-8009 -44356 -2647 -11160 0
-7992 -44262 -2642 -11137 1
-7833 -43382 -2589 -10915 1
-7784 -43110 -2573 -10847 1
-7753 -42938 -2563 -10804 0
-7693 -42605 -2543 -10720 0
-7681 -42540 -2539 -10703 1
-7574 -41947 -2503 -10555 1
-7572 -41936 -2504 -10552 0
-7553 -41830 -2497 -10525 0
-7508 -41582 -2483 -10463 1
-7493 -41499 -2477 -10442 1
-7480 -41426 -2472 -10423 0
-7399 -40977 -2447 -10310 0
-7339 -40646 -2425 -10226 1
-7326 -40573 -2421 -10208 0
-7323 -40556 -2421 -10204 0
-7240 -40098 -2394 -10090 1
-7113 -39394 -2351 -9911 1
-7068 -39145 -2336 -9850 1
-7066 -39134 -2336 -9847 0
-6944 -38458 -2297 -9677 0
-6941 -38442 -2295 -9672 0
-6927 -38364 -2290 -9652 0
-6910 -38270 -2283 -9629 1
-6900 -38215 -2282 -9616 0
-6819 -37765 -2254 -9503 1
-6689 -37046 -2212 -9322 1
-6532 -36176 -2159 -9102 1
-6526 -36143 -2157 -9095 1
-6516 -36088 -2155 -9081 0
-6470 -35832 -2139 -9016 1
-6437 -35650 -2128 -8970 1
-6349 -35162 -2098 -8848 0
-6335 -35085 -2094 -8828 1
-6324 -35024 -2091 -8812 0
-6311 -34952 -2086 -8794 0
-6310 -34947 -2087 -8794 0
-6300 -34892 -2083 -8779 0
-6280 -34780 -2077 -8751 0
-6249 -34609 -2065 -8708 1
-6240 -34559 -2063 -8695 0
-6145 -34032 -2032 -8563 0
-6119 -33889 -2023 -8527 0
-6055 -33534 -2002 -8437 0
-5948 -32941 -1966 -8289 0
-5947 -32936 -1966 -8287 0
-5884 -32587 -1946 -8200 0
-5873 -32526 -1941 -8185 0
-5835 -32316 -1929 -8131 0
-5749 -31839 -1901 -8011 0
-5717 -31662 -1890 -7967 1
-5686 -31490 -1879 -7923 0
-5670 -31401 -1875 -7901 1
-5641 -31242 -1866 -7861 0
-5621 -31131 -1858 -7833 1
-5603 -31031 -1852 -7808 1
-5596 -30993 -1851 -7799 0
-5523 -30588 -1825 -7696 1
-5505 -30488 -1819 -7671 1
-5496 -30439 -1817 -7659 1
-5496 -30438 -1817 -7659 0
-5461 -30245 -1805 -7610 1
-5442 -30139 -1799 -7584 0
-5424 -30039 -1793 -7558 0
-5397 -29890 -1784 -7521 1
-5377 -29779 -1778 -7493 0
-5190 -28744 -1716 -7232 1
-5184 -28710 -1713 -7224 1
-5110 -28300 -1689 -7121 0
-5107 -28284 -1688 -7117 1
-5039 -27908 -1667 -7022 0
-4992 -27647 -1650 -6956 0
-4968 -27515 -1642 -6924 1
-4868 -26960 -1610 -6784 0
-4859 -26910 -1607 -6772 0
-4774 -26440 -1579 -6653 0
-4726 -26174 -1562 -6585 1
-4687 -25957 -1550 -6532 1
-4609 -25526 -1523 -6422 1
-4590 -25422 -1518 -6397 0
-4540 -25144 -1501 -6327 0
-4487 -24851 -1483 -6253 1
-4466 -24733 -1476 -6224 1
-4330 -23981 -1432 -6034 1
-4277 -23687 -1414 -5960 0
-4203 -23278 -1389 -5857 1
-4151 -22990 -1372 -5785 0
-4119 -22812 -1363 -5741 0
-4097 -22691 -1354 -5709 1
-4096 -22685 -1355 -5708 1
-4095 -22679 -1354 -5707 1
-4067 -22524 -1344 -5668 1
-4043 -22392 -1337 -5634 1
-3958 -21921 -1309 -5516 1
-3887 -21527 -1285 -5416 1
-3852 -21334 -1273 -5369 0
-3801 -21051 -1256 -5297 0
-3799 -21041 -1256 -5294 1
-3743 -20730 -1237 -5216 1
-3713 -20564 -1228 -5175 0
-3661 -20276 -1210 -5102 1
-3544 -19628 -1172 -4939 0
-3442 -19062 -1138 -4797 0
-3431 -19002 -1135 -4781 0
-3427 -18979 -1133 -4775 1
-3399 -18825 -1124 -4737 1
-3314 -18354 -1095 -4619 1
-3296 -18254 -1089 -4593 1
-3289 -18215 -1087 -4584 0
-3265 -18083 -1080 -4551 1
-3193 -17684 -1056 -4449 0
-3110 -17224 -1029 -4333 0
-3029 -16775 -1002 -4221 1
-2919 -16166 -966 -4067 0
-2868 -15884 -948 -3998 1
-2863 -15857 -947 -3991 0
-2838 -15718 -939 -3955 0
-2822 -15628 -932 -3933 1
-2780 -15396 -919 -3875 0
-2689 -14892 -889 -3747 1
-2677 -14826 -886 -3731 0
-2673 -14805 -884 -3726 1
-2663 -14749 -880 -3711 1
-2616 -14488 -865 -3645 1
-2615 -14483 -865 -3645 1
-2591 -14350 -856 -3610 1
-2569 -14228 -850 -3580 1
-2569 -14228 -849 -3581 0
-2536 -14045 -839 -3533 0
-2506 -13879 -829 -3492 1
-2502 -13857 -828 -3488 0
-2365 -13098 -783 -3296 0
-2212 -12251 -732 -3082 1
-2205 -12212 -729 -3072 0
-2203 -12201 -729 -3071 1
-2199 -12180 -727 -3065 1
-2156 -11941 -712 -3005 1
-2064 -11432 -682 -2877 1
-2049 -11348 -677 -2856 1
-2048 -11343 -678 -2855 1
-2047 -11338 -677 -2853 1
-2026 -11221 -670 -2824 1
-2024 -11210 -669 -2820 0
-1995 -11049 -660 -2780 0
-1872 -10368 -619 -2609 0
-1849 -10241 -611 -2577 0
-1778 -9848 -588 -2478 0
-1693 -9377 -559 -2359 1
-1687 -9343 -559 -2351 0
-1633 -9044 -541 -2276 0
-1629 -9022 -539 -2271 0
-1589 -8800 -525 -2214 0
-1579 -8746 -522 -2201 1
-1561 -8646 -516 -2176 1
-1535 -8502 -507 -2139 1
-1519 -8414 -503 -2117 0
-1515 -8391 -501 -2111 0
-1447 -8015 -479 -2017 0
-1421 -7871 -470 -1981 1
-1395 -7726 -462 -1944 0
-1340 -7421 -442 -1868 1
-1336 -7399 -442 -1862 0
-1307 -7238 -432 -1822 0
-1300 -7200 -431 -1813 0
-1288 -7133 -426 -1794 1
-1229 -6807 -407 -1713 0
-1227 -6796 -406 -1711 0
-1213 -6718 -402 -1691 0
-1137 -6298 -376 -1584 1
-1071 -5932 -354 -1493 1
-1025 -5677 -338 -1428 1
-1024 -5671 -339 -1427 1
-1023 -5666 -338 -1427 1
-993 -5500 -328 -1384 1
-929 -5146 -308 -1295 1
-899 -4979 -297 -1253 0
-863 -4780 -287 -1203 1
-851 -4713 -281 -1187 0
-804 -4453 -267 -1122 0
-791 -4382 -261 -1103 1
-766 -4243 -253 -1069 1
-757 -4193 -250 -1056 0
-630 -3489 -209 -878 0
-571 -3163 -190 -796 1
-513 -2841 -170 -715 1
-512 -2835 -169 -713 1
-511 -2830 -169 -712 1
-502 -2780 -167 -699 0
-450 -2492 -149 -628 0
-433 -2398 -144 -604 1
-425 -2354 -141 -593 0
-363 -2011 -120 -506 0
-325 -1800 -108 -453 0
-318 -1762 -106 -444 1
-263 -1457 -87 -367 1
-255 -1413 -85 -356 1
-254 -1407 -84 -355 1
-253 -1402 -84 -354 1
-252 -1396 -83 -351 1
-251 -1391 -83 -350 1
-250 -1386 -83 -349 1
-249 -1380 -82 -348 1
-248 -1374 -82 -345 1
-247 -1369 -82 -345 1
-246 -1363 -81 -343 1
-245 -1357 -81 -342 1
-244 -1352 -81 -341 1
-243 -1347 -81 -339 1
-242 -1341 -80 -338 1
-241 -1336 -80 -337 1
-240 -1330 -80 -335 1
-239 -1324 -79 -333 1
-238 -1319 -79 -332 1
-237 -1313 -79 -331 1
-236 -1307 -78 -329 1
-235 -1302 -78 -328 1
-234 -1297 -78 -326 1
-233 -1291 -77 -326 1
-232 -1286 -77 -324 1
-231 -1280 -76 -323 1
-230 -1274 -75 -320 1
-229 -1269 -76 -319 1
-228 -1263 -75 -318 1
-227 -1258 -75 -317 1
-226 -1253 -75 -316 1
-225 -1247 -75 -313 1
-224 -1241 -74 -313 1
-223 -1236 -74 -311 1
-222 -1230 -74 -310 1
-221 -1225 -74 -309 1
-220 -1219 -73 -307 1
-219 -1213 -73 -305 1
-218 -1208 -73 -304 1
-217 -1203 -73 -303 1
-217 -1202 -72 -303 0
-216 -1197 -72 -301 1
-215 -1192 -72 -300 1
-214 -1186 -71 -299 1
-213 -1180 -70 -297 1
-212 -1175 -71 -296 1
-211 -1169 -70 -294 1
-210 -1164 -69 -294 1
-209 -1159 -70 -292 1
-208 -1153 -69 -291 1
-207 -1147 -69 -290 1
-206 -1142 -69 -287 1
-205 -1136 -68 -286 1
-204 -1130 -68 -284 1
-203 -1125 -68 -284 1
-202 -1119 -67 -281 1
-201 -1114 -67 -281 1
-200 -1109 -67 -279 1
-199 -1103 -67 -278 1
-198 -1097 -66 -277 1
-197 -1092 -66 -275 1
-196 -1086 -65 -273 1
-195 -1080 -64 -272 1
-194 -1075 -65 -271 1
-193 -1069 -64 -270 1
-192 -1064 -63 -268 1
-191 -1059 -64 -267 1
-190 -1053 -63 -265 1
-189 -1048 -62 -264 1
-188 -1042 -63 -262 1
-187 -1036 -62 -261 1
-186 -1031 -61 -259 1
-185 -1025 -62 -258 1
-184 -1020 -62 -258 1
-183 -1015 -60 -256 1
-182 -1009 -61 -255 1
-181 -1003 -61 -253 1
-180 -998 -59 -251 1
-179 -992 -60 -249 1
-178 -986 -59 -248 1
-177 -981 -59 -247 1
-176 -975 -59 -245 1
-175 -970 -58 -245 1
-174 -965 -58 -243 1
-173 -959 -58 -241 1
-172 -953 -57 -240 1
-171 -948 -56 -239 1
-170 -942 -57 -238 1
-169 -936 -56 -236 1
-168 -931 -55 -234 1
-167 -926 -56 -234 1
-166 -920 -56 -232 1
-165 -915 -54 -231 1
-164 -909 -55 -229 1
-163 -903 -55 -228 1
-162 -898 -53 -226 1
-161 -892 -54 -226 1
-160 -886 -53 -222 1
-159 -881 -53 -222 1
-158 -876 -53 -220 1
-157 -871 -53 -220 1
-156 -865 -52 -218 1
-155 -859 -52 -216 1
-154 -854 -51 -214 1
-153 -848 -50 -213 1
-152 -842 -51 -213 1
-151 -837 -50 -211 1
-150 -832 -49 -209 1
-149 -826 -50 -208 1
-148 -821 -49 -207 1
-147 -815 -48 -205 1
-146 -809 -49 -204 1
-145 -803 -49 -202 1
-144 -798 -47 -201 1
-143 -792 -47 -200 1
-142 -787 -47 -198 1
-141 -782 -47 -198 1
-140 -775 -46 -195 1
-139 -771 -46 -195 1
-138 -765 -46 -193 1
-138 -764 -46 -193 0
-137 -758 -45 -190 1
-136 -753 -45 -190 1
-135 -747 -44 -187 1
-134 -743 -45 -188 1
-133 -737 -44 -185 1
-132 -732 -43 -185 1
-131 -726 -44 -183 1
-130 -720 -43 -181 1
-129 -714 -43 -180 1
-128 -708 -42 -178 1
-127 -703 -43 -177 1
-126 -698 -41 -176 1
-125 -693 -43 -175 1
-124 -688 -41 -174 1
-123 -682 -41 -172 1
-122 -677 -41 -170 1
-121 -670 -40 -168 1
-120 -665 -40 -168 1
-119 -660 -40 -166 1
-118 -653 -39 -164 1
-117 -648 -38 -162 1
-116 -643 -38 -162 1
-115 -637 -38 -161 1
-114 -632 -37 -160 1
-113 -627 -38 -158 1
-112 -620 -37 -155 1
-111 -614 -37 -155 1
-110 -609 -37 -154 1
-109 -604 -37 -152 1
-108 -598 -36 -151 1
-107 -593 -36 -149 1
-106 -588 -35 -148 1
-105 -581 -35 -146 1
-104 -577 -35 -146 1
-103 -571 -34 -144 1
-102 -564 -33 -141 1
-101 -560 -34 -141 1
-100 -554 -33 -139 1
-99 -549 -33 -138 1
-98 -544 -33 -137 1
-97 -538 -32 -136 1
-96 -532 -31 -134 1
-95 -527 -32 -133 0
-95 -527 -32 -133 1
-94 -521 -31 -131 1
-93 -516 -31 -130 1
-92 -510 -31 -130 1
-91 -505 -30 -128 1
-90 -500 -31 -127 1
-89 -494 -30 -124 1
-88 -488 -29 -123 1
-87 -483 -30 -121 1
-86 -477 -29 -121 1
-85 -470 -29 -119 1
-84 -465 -28 -117 1
-83 -460 -29 -117 1
-82 -455 -28 -115 1
-81 -450 -28 -114 1
-80 -443 -27 -112 1
-79 -437 -26 -110 1
-78 -432 -25 -109 1
-77 -427 -26 -108 1
-76 -421 -26 -106 1
-75 -416 -24 -105 1
-74 -411 -25 -104 1
-73 -405 -24 -102 1
-72 -400 -25 -101 1
-71 -394 -24 -99 1
-70 -388 -23 -98 1
-69 -383 -24 -98 1
-68 -377 -23 -95 1
-67 -371 -22 -94 1
-66 -366 -23 -92 1
-65 -361 -22 -91 1
-64 -355 -22 -89 1
-63 -350 -22 -89 1
-62 -344 -21 -86 1
-61 -339 -20 -86 1
-60 -333 -20 -84 1
-59 -327 -20 -82 1
-58 -322 -19 -81 1
-57 -317 -19 -80 1
-56 -311 -19 -78 1
-55 -306 -18 -77 1
-54 -300 -19 -76 1
-53 -294 -18 -75 1
-52 -289 -17 -73 1
-51 -283 -18 -72 1
-50 -277 -17 -70 1
-49 -272 -16 -70 1
-48 -267 -17 -67 1
-47 -261 -16 -66 1
-46 -255 -16 -65 1
-45 -250 -16 -63 1
-44 -244 -15 -62 1
-43 -239 -14 -61 1
-42 -233 -15 -59 1
-41 -227 -14 -57 1
-40 -222 -13 -57 1
-39 -217 -13 -54 1
-38 -210 -13 -52 1
-37 -205 -12 -52 1
-36 -200 -13 -50 1
-35 -194 -12 -49 1
-34 -188 -11 -47 1
-33 -183 -12 -46 1
-32 -177 -12 -45 1
-31 -172 -10 -44 1
-30 -166 -10 -43 1
-29 -161 -10 -40 1
-28 -156 -9 -39 1
-28 -155 -10 -39 0
-27 -150 -10 -38 1
-26 -145 -9 -38 1
-25 -139 -8 -35 1
-24 -133 -9 -33 1
-23 -128 -8 -32 1
-22 -122 -8 -31 1
-21 -116 -7 -30 1
-20 -111 -7 -27 1
-19 -106 -6 -27 1
-18 -100 -7 -26 1
-17 -95 -5 -24 1
-16 -89 -5 -22 1
-15 -84 -6 -21 1
-14 -78 -5 -20 1
-13 -73 -4 -18 1
-12 -66 -4 -17 1
-11 -61 -4 -15 1
-10 -55 -4 -14 1
-9 -49 -3 -13 1
-8 -44 -3 -12 1
-7 -39 -3 -11 1
-6 -33 -2 -8 1
-5 -29 -2 -7 1
-4 -23 -1 -6 1
-3 -16 -1 -5 1
-2 -11 -1 -4 1
-1 -6 -1 -2 1
2 11 0 2 0
3 15 1 3 1
4 21 1 5 0
5 28 1 6 0
6 32 1 7 0
6 33 2 7 0
7 39 1 9 0
8 44 2 11 0
9 49 2 12 0
10 55 2 14 0
11 61 3 15 0
12 66 4 16 0
13 72 3 18 0
14 77 4 19 0
15 82 3 20 0
16 88 4 21 0
17 93 5 23 0
18 99 5 24 0
19 105 5 25 0
20 110 6 26 0
21 115 6 29 0
22 121 7 30 0
23 126 8 32 0
24 132 7 33 0
25 138 8 34 0
26 143 8 36 0
27 149 9 37 0
28 155 8 38 0
29 160 9 39 0
30 166 10 42 0
31 171 10 42 1
32 176 10 45 0
33 183 11 46 0
34 188 10 46 0
35 193 11 48 0
36 199 11 50 0
37 205 11 51 0
38 210 12 52 0
39 216 13 53 0
40 222 12 55 0
41 226 13 57 0
42 232 14 59 0
43 238 13 59 0
44 243 14 61 0
45 249 15 62 0
46 255 14 64 0
47 260 15 65 0
48 266 16 66 0
49 270 16 67 0
50 276 17 70 0
51 282 17 71 0
52 287 16 71 0
52 288 16 72 1
53 293 17 74 0
54 299 17 75 0
55 304 17 76 0
56 309 18 78 0
57 315 18 78 0
58 321 19 81 0
59 326 19 82 0
60 332 20 84 0
61 337 20 85 0
62 343 20 85 0
63 348 20 87 0
64 354 20 89 0
65 360 21 91 0
66 365 21 91 0
67 371 21 92 0
68 376 22 94 0
69 382 23 97 0
70 387 22 97 0
71 392 23 98 0
72 399 23 100 0
73 404 23 101 0
74 410 24 104 0
75 415 24 104 0
76 420 24 106 0
77 425 25 106 0
78 431 25 108 0
79 436 25 109 0
80 443 26 111 0
81 447 26 112 0
82 454 26 114 0
83 459 28 116 0
84 464 27 117 0
85 470 28 118 0
86 475 28 119 0
87 481 27 121 0
88 487 28 123 0
89 493 29 124 0
90 498 28 124 0
91 503 30 125 0
92 510 30 127 0
93 515 30 130 0
94 520 30 130 0
95 526 31 133 0
96 531 31 133 0
97 537 32 136 0
98 542 32 136 0
99 548 32 137 0
100 553 33 138 0
101 559 33 140 0
102 564 33 142 0
103 569 34 143 0
104 576 34 145 0
105 581 33 146 0
106 587 34 147 0
106 587 35 148 1
107 593 35 149 0
108 597 35 150 0
109 604 35 152 0
110 609 36 152 0
111 614 35 154 0
112 619 36 155 0
113 625 37 157 0
114 631 37 159 0
115 637 38 159 0
116 642 38 161 0
117 648 38 162 0
118 653 38 164 0
119 658 39 166 0
120 664 39 168 0
121 670 39 168 0
122 675 40 170 0
123 681 39 172 0
124 687 40 172 0
125 692 41 174 0
126 698 40 175 0
127 703 41 177 0
128 708 42 177 0
129 714 41 179 0
130 720 42 181 0
131 725 43 182 0
132 731 43 184 0
133 737 44 185 0
134 742 44 187 0
135 747 44 188 0
136 753 44 188 0
137 758 45 189 0
138 764 45 191 0
139 770 45 194 0
140 775 46 195 0
141 781 46 197 0
142 787 46 198 0
143 792 47 200 0
144 797 46 200 0
145 802 47 202 0
146 808 48 202 0
147 814 47 204 0
148 819 48 206 0
149 825 49 207 0
150 831 49 208 0
151 836 49 210 0
152 842 50 212 0
153 847 50 213 0
154 852 50 214 0
155 858 51 215 0
156 864 51 217 0
157 869 52 219 0
158 875 53 219 0
159 881 52 221 0
160 886 53 222 0
161 891 53 224 0
161 891 53 224 1
162 897 52 226 0
163 902 53 226 0
164 908 54 228 0
165 914 53 230 0
166 918 55 230 0
167 925 55 232 0
168 931 55 234 0
169 935 55 234 1
169 935 56 235 0
170 941 56 237 0
171 947 56 239 0
172 952 56 239 0
173 957 56 241 0
174 964 57 242 0
175 968 57 243 0
176 975 59 245 0
177 980 58 246 0
178 985 59 248 0
179 991 59 248 0
180 996 59 251 0
181 1002 59 252 0
182 1008 60 254 0
183 1013 60 254 0
184 1019 60 255 0
185 1025 61 258 0
186 1030 61 258 0
187 1035 61 260 0
188 1041 62 261 0
189 1046 61 263 0
190 1052 62 264 0
191 1058 63 267 0
192 1063 63 267 0
193 1069 64 268 0
194 1074 64 270 0
195 1079 64 271 0
196 1085 65 273 0
197 1091 65 274 0
198 1095 65 275 0
199 1102 66 277 0
200 1108 66 278 0
201 1113 66 279 0
202 1119 66 281 0
203 1124 67 283 0
204 1129 66 284 0
205 1135 67 285 0
206 1141 68 286 0
207 1146 67 287 0
208 1152 68 290 0
209 1157 68 290 0
210 1163 69 293 0
211 1169 70 293 0
212 1173 69 295 0
213 1179 70 296 0
214 1185 71 299 0
215 1190 70 299 0
216 1195 71 301 0
217 1201 72 302 0
218 1207 71 303 0
219 1213 72 305 0
220 1218 73 306 0
221 1223 72 308 0
222 1229 72 309 0
223 1235 73 310 0
224 1240 73 311 0
225 1245 74 313 0
226 1251 75 314 0
227 1257 74 316 0
228 1263 75 317 0
229 1268 75 318 0
230 1273 75 320 0
230 1273 76 320 1
231 1278 76 320 0
232 1284 76 323 0
233 1289 76 324 0
234 1295 77 325 0
235 1301 78 327 0
236 1306 78 328 0
237 1312 78 331 0
238 1317 79 331 0
239 1323 78 332 0
240 1329 79 334 0
241 1334 80 336 0
242 1340 79 337 0
243 1346 79 338 0
244 1351 81 339 0
245 1357 80 341 0
246 1362 80 342 0
247 1367 81 344 0
248 1373 81 345 0
249 1379 82 347 0
250 1383 81 347 0
251 1389 82 350 0
252 1396 83 351 0
253 1400 83 352 0
254 1406 84 353 0
255 1411 84 355 0
256 1416 84 356 0
259 1434 85 360 1
359 1988 118 500 0
402 2225 132 560 1
464 2569 152 645 1
499 2764 164 695 0
511 2829 169 711 1
512 2835 169 713 0
513 2841 168 713 0
549 3040 182 765 1
553 3062 182 770 1
557 3084 183 776 1
563 3117 185 785 1
594 3290 196 827 1
614 3400 202 856 0
647 3583 213 902 0
670 3711 221 934 1
779 4314 258 1086 1
814 4508 268 1134 0
914 5061 301 1272 1
1023 5666 337 1425 0
1024 5671 338 1426 0
1025 5676 337 1427 0
1048 5804 346 1460 1
1103 6108 365 1537 1
1115 6175 368 1554 0
1149 6363 380 1601 0
1163 6441 384 1621 1
1174 6501 388 1636 1
1203 6662 397 1675 1
1315 7282 434 1832 1
1367 7570 451 1904 0
1369 7581 453 1908 0
1379 7637 455 1921 0
1385 7669 457 1929 1
1444 7997 478 2012 0
1450 8030 479 2020 1
1480 8197 489 2062 1
1560 8639 516 2174 0
1588 8794 524 2213 0
1674 9271 553 2332 0
1714 9492 566 2388 0
1827 10118 603 2545 0
1939 10739 640 2701 0
1995 11048 659 2780 1
2001 11081 660 2787 1
2028 11231 669 2825 0
2032 11253 671 2831 0
2039 11292 674 2840 0
2047 11337 676 2852 0
2048 11341 676 2853 0
2049 11348 676 2855 0
2057 11391 679 2866 1
2080 11519 687 2898 1
2186 12106 723 3046 1
2277 12610 752 3172 1
2326 12881 768 3240 0
2366 13103 782 3296 1
2389 13230 790 3329 1
2394 13258 791 3335 1
2404 13314 794 3350 1
2450 13568 809 3414 0
2473 13695 817 3445 0
2526 13989 834 3519 0
2548 14111 842 3551 0
2573 14249 850 3585 1
2592 14355 857 3612 1
2618 14499 865 3648 1
2654 14698 876 3697 0
2674 14809 883 3726 1
2711 15014 897 3778 1
2723 15080 899 3794 0
2734 15142 902 3810 0
2800 15506 925 3901 1
2843 15745 940 3962 0
2929 16221 968 4080 0
2958 16382 978 4121 1
2993 16575 989 4170 1
2999 16609 991 4179 1
3173 17572 1048 4421 1
3188 17654 1052 4441 0
3263 18071 1078 4547 0
3289 18214 1086 4582 1
3314 18353 1094 4618 0
3349 18546 1106 4665 1
3359 18603 1109 4680 0
3367 18647 1112 4691 0
3405 18857 1124 4744 1
3420 18941 1130 4766 0
3496 19362 1155 4871 1
3520 19494 1163 4905 1
3576 19804 1180 4983 0
3660 20269 1208 5099 0
3677 20363 1214 5123 0
3677 20364 1214 5123 1
3680 20380 1215 5127 1
3691 20441 1219 5143 1
3707 20530 1225 5165 1
3796 21023 1254 5290 1
3868 21421 1278 5390 1
3884 21510 1284 5411 1
3895 21570 1287 5427 0
3931 21770 1298 5476 0
3958 21920 1308 5514 1
3965 21958 1310 5524 0
4002 22163 1323 5577 1
4010 22207 1324 5587 1
4016 22241 1328 5596 0
4057 22468 1340 5653 1
4072 22552 1346 5675 0
4095 22678 1353 5706 0
4096 22683 1353 5707 0
4097 22689 1353 5709 0
4103 22723 1355 5717 1
4149 22978 1371 5781 0
4161 23044 1375 5799 0
4240 23481 1401 5908 1
4252 23548 1405 5924 1
4306 23847 1423 6001 0
4366 24180 1442 6083 0
4399 24361 1454 6130 0
4473 24772 1479 6233 1
4479 24806 1481 6242 1
4508 24966 1490 6282 1
4596 25452 1517 6403 0
4656 25786 1539 6488 0
4786 26506 1581 6669 0
4796 26561 1585 6683 1
4824 26716 1594 6721 1
4828 26738 1595 6727 1
4839 26799 1599 6743 1
4967 27507 1641 6921 1
4998 27680 1652 6964 0
5022 27813 1660 6997 0
5040 27912 1664 7023 0
5044 27934 1666 7028 0
5078 28123 1678 7076 0
5088 28178 1681 7090 1
5100 28244 1685 7105 1
5120 28355 1692 7134 0
5165 28604 1706 7196 0
5203 28815 1719 7250 1
5204 28820 1720 7252 1
5207 28837 1721 7255 1
5220 28909 1725 7273 0
5235 28992 1729 7294 0
5271 29191 1742 7345 0
5286 29275 1747 7365 0
5393 29866 1782 7514 0
5433 30088 1795 7570 1
5456 30216 1803 7602 0
5499 30454 1816 7662 0
5545 30709 1832 7727 0
5553 30754 1835 7738 1
5609 31063 1853 7816 1
5669 31396 1873 7900 1
5899 32669 1950 8219 1
5926 32818 1958 8257 1
5945 32924 1965 8284 1
5961 33012 1969 8305 0
6025 33367 1991 8396 1
6066 33594 2004 8453 1
6140 34004 2030 8555 1
6141 34010 2029 8557 1
6151 34065 2031 8570 0
6165 34143 2038 8591 0
6166 34148 2037 8591 0
6187 34264 2045 8621 1
6188 34269 2044 8623 1
6198 34326 2049 8637 0
6215 34419 2053 8660 1
6304 34913 2084 8783 1
6408 35489 2118 8929 0
6420 35555 2121 8946 0
6453 35738 2133 8992 0
6454 35744 2133 8993 0
6513 36070 2153 9075 0
6520 36109 2153 9085 0
6568 36374 2170 9151 0
6629 36713 2191 9237 0
6640 36773 2194 9253 0
6653 36845 2199 9270 0
6709 37155 2217 9349 1
6744 37349 2229 9397 1
6762 37449 2235 9423 1
6864 38014 2268 9565 1
6904 38236 2281 9620 1
6970 38601 2303 9712 1
6975 38629 2306 9719 0
6977 38639 2305 9721 1
7020 38877 2320 9781 1
7049 39038 2329 9823 1
7151 39603 2363 9964 0
7181 39769 2373 10006 1
7247 40135 2395 10098 0
7264 40229 2400 10121 1
7392 40938 2443 10300 1
7442 41215 2459 10370 0
7456 41293 2464 10390 1
7537 41741 2490 10502 1
7589 42029 2508 10575 1
7593 42051 2508 10580 1
7608 42134 2514 10601 1
7633 42273 2522 10636 1
7788 43131 2572 10852 0
7848 43463 2593 10935 1
7859 43525 2598 10950 0
7876 43619 2603 10974 0
8067 44676 2666 11241 0
8087 44787 2673 11268 1
8089 44798 2673 11271 0
8093 44819 2675 11276 0
8179 45296 2703 11397 1
8191 45363 2707 11414 0
8192 45368 2707 11415 0
8193 45374 2706 11416 0
8208 45458 2712 11438 0
8236 45612 2721 11476 1
8479 46958 2803 11814 1
8514 47152 2813 11864 0
8523 47202 2817 11876 0
8609 47678 2845 11996 0
8632 47806 2853 12027 0
8679 48065 2869 12093 1
8684 48094 2869 12101 1
8779 48619 2900 12232 0
8801 48741 2908 12263 0
8837 48941 2920 12314 0
8909 49339 2944 12414 1
8917 49384 2946 12424 0
9039 50059 2987 12595 1
9052 50131 2991 12612 1
9160 50729 3026 12763 0
9379 51942 3099 13069 1
9380 51947 3099 13070 0
9421 52175 3113 13128 0
9422 52181 3113 13129 1
9434 52247 3117 13145 0
9448 52324 3121 13165 1
9452 52346 3124 13171 1
9456 52369 3124 13176 0
9486 52535 3135 13217 1
9510 52668 3143 13252 0
9744 53964 3221 13578 1
9776 54141 3230 13622 1
9793 54235 3236 13646 1
9934 55017 3283 13842 0
9938 55038 3284 13848 0
10010 55437 3308 13948 0
10038 55593 3317 13987 1
10082 55836 3332 14049 0
10175 56350 3362 14177 0
10178 56368 3364 14182 0
10240 56711 3384 14268 0
10257 56805 3390 14293 0
10313 57115 3408 14371 0
10317 57138 3409 14377 0
10328 57198 3413 14392 0
10352 57331 3422 14424 1
10371 57435 3427 14451 0
10462 57940 3457 14578 0
10536 58351 3482 14682 0
10724 59392 3544 14943 0
10857 60127 3588 15128 0
10906 60400 3604 15196 1
10923 60493 3609 15220 0
10933 60549 3613 15234 0
10973 60770 3626 15289 0
11007 60958 3638 15338 1
11007 60959 3637 15338 0
11142 61706 3682 15525 0
11158 61795 3687 15548 1
11183 61933 3695 15583 0
11199 62022 3700 15605 0
11211 62088 3704 15622 0
11265 62387 3723 15697 1
11350 62858 3750 15815 1
11425 63274 3776 15920 0
11514 63766 3805 16044 0
11515 63772 3805 16046 0
11597 64226 3833 16159 0
11606 64276 3835 16172 0
11620 64353 3840 16191 0
11700 64797 3867 16303 1
11770 65184 3889 16401 1
11793 65312 3898 16432 1
11844 65594 3914 16503 1
11855 65654 3918 16520 1
11877 65777 3924 16550 1
11896 65882 3932 16576 1
11944 66148 3947 16643 0
11957 66219 3951 16661 1
11958 66226 3952 16663 0
11965 66264 3955 16672 1
12045 66707 3981 16784 1
12057 66774 3984 16800 1
12160 67344 4019 16944 0
12186 67488 4028 16981 1
12203 67583 4032 17004 0
12225 67704 4041 17035 0
12285 68037 4059 17118 1
12302 68131 4066 17142 1
12324 68252 4072 17172 0
12362 68463 4086 17225 1
12370 68507 4087 17236 0
12529 69388 4141 17459 0
12577 69654 4157 17526 0
12591 69731 4161 17545 1
12593 69741 4162 17547 0
12643 70019 4178 17617 0
12689 70274 4194 17681 0
12693 70295 4195 17686 1
12703 70352 4198 17701 0
12706 70369 4199 17704 1
12877 71315 4255 17942 0
12892 71398 4260 17964 1
12900 71443 4263 17975 0
12976 71863 4288 18080 1
12994 71963 4294 18106 1
13079 72434 4323 18224 0
13112 72617 4334 18270 0
13119 72656 4336 18280 0
13174 72960 4355 18358 1
13222 73225 4369 18423 1
13256 73415 4380 18472 1
13277 73530 4387 18500 0
13289 73596 4391 18518 1
13448 74478 4445 18740 1
13459 74538 4448 18754 1
13474 74622 4452 18776 0
13522 74887 4469 18842 1
13550 75042 4477 18881 1
13586 75241 4490 18931 1
13607 75358 4497 18961 0
13618 75418 4499 18976 1
13630 75485 4504 18993 1
13646 75575 4510 19015 0
13660 75652 4515 19034 0
13770 76261 4551 19188 1
13791 76377 4557 19217 1
13827 76576 4570 19267 0
13828 76582 4569 19268 0
13829 76588 4570 19270 0
13836 76626 4573 19280 0
13936 77180 4605 19419 0
13949 77252 4610 19437 0
13967 77352 4616 19462 0
13983 77440 4620 19484 0
14002 77546 4627 19512 0
14003 77551 4627 19512 1
14083 77993 4654 19623 1
14084 78000 4654 19625 0
14126 78232 4668 19684 0
14197 78625 4692 19782 1
14233 78825 4704 19832 1
14284 79107 4721 19904 1
14292 79152 4722 19915 1
14299 79190 4726 19924 1
14393 79711 4757 20055 0
14434 79938 4769 20113 1
14673 81261 4849 20446 0
14749 81683 4875 20552 1
14756 81721 4877 20561 1
14847 82225 4907 20689 1
14971 82911 4947 20861 0
14986 82995 4952 20882 0
15038 83283 4969 20954 0
15079 83510 4983 21011 0
15086 83550 4986 21021 0
15160 83958 5010 21124 1
15187 84109 5019 21162 0
15225 84319 5031 21215 0
15427 85437 5097 21496 0
15489 85780 5119 21582 1
15514 85919 5127 21618 0
15676 86817 5180 21844 1
15733 87132 5198 21923 0
15742 87182 5202 21935 0
15921 88173 5262 22184 1
15947 88318 5270 22221 0
16013 88683 5292 22313 0
16030 88777 5298 22337 0
16039 88827 5301 22349 0
16120 89275 5328 22463 1
16139 89380 5334 22488 0
16181 89613 5347 22546 1
16192 89674 5351 22562 1
16215 89801 5358 22595 0
16257 90034 5373 22652 1
16260 90051 5373 22656 0
16278 90151 5379 22682 0
16375 90688 5411 22817 1
16383 90733 5414 22830 0
16384 90737 5414 22831 0
16384 90738 5415 22830 1
16385 90743 5415 22832 0
16448 91092 5436 22919 0
16459 91153 5439 22935 1
16460 91158 5440 22936 1
16470 91214 5443 22950 0
16486 91302 5449 22972 1
16576 91801 5478 23098 1
16632 92111 5495 23175 0
16733 92670 5529 23316 1
16782 92942 5547 23385 1
16806 93075 5554 23418 0
16841 93269 5565 23467 0
16866 93407 5573 23501 1
16939 93811 5598 23603 1
16993 94110 5616 23678 1
17018 94249 5624 23713 1
17047 94409 5634 23753 1
17087 94631 5647 23810 0
17162 95047 5672 23915 0
17196 95235 5683 23962 0
17241 95483 5698 24024 0
17269 95638 5708 24063 1
17292 95766 5715 24095 0
17363 96160 5738 24194 0
17424 96498 5758 24280 0
17551 97200 5800 24456 1
17553 97212 5801 24458 1
17630 97639 5827 24567 1
17648 97738 5832 24591 1
17684 97937 5845 24642 1
17777 98452 5874 24772 1
17804 98602 5884 24809 0
17849 98851 5899 24871 0
17915 99216 5920 24963 0
18141 100468 5995 25278 0
18200 100794 6014 25360 1
18333 101531 6058 25546 0
18352 101637 6065 25572 0
18373 101754 6073 25602 0
18414 101980 6085 25659 1
18463 102251 6102 25728 1
18625 103149 6155 25953 0
18661 103348 6166 26002 1
18699 103559 6179 26056 0
18706 103597 6182 26066 1
18710 103619 6184 26071 1
18740 103786 6193 26113 1
18810 104174 6217 26210 1
18908 104716 6249 26347 0
18913 104743 6251 26354 1
18947 104931 6262 26401 1
18963 105020 6267 26423 1
18994 105192 6276 26466 1
19042 105458 6293 26533 1
19062 105569 6301 26561 1
19192 106288 6342 26742 1
19208 106377 6348 26765 1
19260 106665 6365 26837 1
19301 106892 6378 26895 1
19311 106948 6381 26909 0
19343 107125 6393 26954 0
19531 108166 6455 27215 1
19663 108897 6499 27399 1
19695 109075 6509 27443 0
19715 109185 6515 27471 1
19765 109462 6532 27541 0
19780 109546 6537 27562 0
19832 109834 6554 27635 1
19844 109899 6558 27651 0
19854 109956 6562 27666 1
19861 109994 6563 27675 1
19872 110055 6567 27691 0
19899 110205 6577 27728 1
19906 110244 6578 27738 1
19913 110282 6581 27748 1
19968 110586 6599 27825 0
19993 110725 6607 27859 0
20091 111268 6639 27996 0
20093 111279 6641 27999 0
20094 111285 6640 28000 0
20111 111378 6647 28023 1
20136 111517 6655 28059 1
20196 111849 6674 28143 0
20206 111905 6678 28157 0
20222 111993 6683 28177 1
20274 112281 6700 28251 1
20335 112618 6721 28336 1
20399 112974 6742 28425 0
20434 113167 6754 28474 1
20475 113394 6767 28530 1
20478 113411 6767 28534 0
20490 113477 6772 28552 1
20621 114203 6815 28735 1
20650 114363 6824 28773 1
20698 114629 6840 28841 0
20721 114758 6849 28873 1
20777 115067 6867 28952 0
20814 115273 6878 29003 1
20846 115450 6890 29048 1
21002 116313 6940 29264 1
21014 116379 6944 29282 0
21016 116390 6945 29285 1
21043 116541 6954 29323 1
21079 116739 6965 29372 0
21129 117016 6983 29442 0
21137 117061 6986 29453 1
21145 117105 6989 29464 1
21164 117210 6994 29491 1
21165 117215 6995 29493 1
21234 117597 7018 29588 1
21257 117725 7025 29620 1
21273 117814 7030 29642 1
21295 117935 7038 29672 0
21348 118229 7056 29747 1
21499 119066 7104 29957 0
21563 119419 7126 30046 0
21563 119420 7126 30047 0
21668 120001 7161 30192 1
21732 120356 7182 30282 0
21744 120422 7186 30299 1
21802 120744 7205 30379 1
21803 120749 7206 30381 1
21808 120776 7207 30387 1
21961 121623 7258 30600 1
22205 122975 7338 30941 0
22268 123325 7359 31029 0
22408 124100 7406 31225 1
22434 124244 7415 31261 1
22463 124405 7424 31300 0
22529 124769 7446 31392 1
22544 124852 7450 31414 0
22559 124936 7455 31435 0
22579 125046 7462 31462 1
22705 125745 7504 31638 1
22911 126886 7572 31925 0
22917 126919 7574 31934 1
22919 126930 7574 31937 0
22936 127023 7580 31959 1
22944 127067 7583 31970 0
22973 127229 7593 32011 1
23054 127677 7620 32125 1
23059 127705 7620 32132 0
23062 127721 7622 32135 1
23125 128071 7642 32222 0
23159 128259 7654 32270 0
23188 128420 7664 32312 1
23284 128951 7695 32445 1
23289 128979 7696 32452 0
23368 129417 7723 32562 0
23386 129516 7729 32587 1
23428 129748 7743 32646 1
23445 129843 7749 32670 0
23776 131675 7858 33130 0
23817 131903 7872 33188 0
23883 132269 7893 33279 0
23923 132490 7906 33335 0
24057 133232 7950 33521 0
24095 133443 7962 33574 0
24264 134379 8019 33810 0
24301 134584 8032 33862 1
24314 134656 8035 33880 1
24439 135349 8078 34055 1
24498 135675 8096 34137 0
24585 136156 8125 34257 1
24661 136577 8149 34363 0
24714 136870 8168 34437 1
24718 136894 8168 34442 0
24780 137236 8190 34529 1
24839 137563 8208 34611 0
25014 138533 8267 34856 0
25020 138566 8269 34864 1
25054 138753 8280 34910 0
25150 139285 8311 35045 1
25232 139739 8339 35159 1
25280 140006 8355 35226 1
25339 140332 8373 35308 0
25387 140599 8390 35376 0
25395 140643 8393 35386 0
25586 141700 8455 35652 0
25591 141728 8458 35660 0
25600 141778 8461 35672 0
25645 142027 8476 35735 0
25648 142044 8477 35740 0
25660 142110 8480 35756 0
25677 142204 8485 35779 0
25704 142354 8496 35817 1
25755 142636 8511 35888 1
25826 143029 8535 35987 1
26011 144054 8596 36245 0
26020 144103 8599 36258 0
26106 144580 8627 36377 1
26135 144741 8638 36418 1
26177 144973 8651 36476 1
26242 145333 8673 36566 1
26276 145522 8684 36614 0
26341 145882 8706 36704 0
26407 146247 8728 36796 0
26503 146779 8758 36930 0
26504 146785 8759 36932 0
26610 147371 8794 37079 1
26631 147487 8801 37109 1
26650 147593 8807 37136 0
26670 147704 8814 37163 0
26728 148025 8833 37244 0
26742 148103 8838 37264 0
26756 148180 8842 37284 0
26765 148230 8844 37295 0
26775 148285 8850 37309 1
26838 148634 8869 37397 1
26850 148701 8874 37415 0
26869 148806 8880 37441 1
26921 149094 8897 37514 0
26922 149099 8897 37514 1
26981 149426 8916 37597 1
26986 149454 8919 37604 0
27049 149803 8940 37691 0
27141 150313 8970 37820 0
27155 150390 8974 37838 1
27193 150600 8987 37891 0
27254 150938 9007 37977 1
27300 151192 9022 38041 1
27420 151858 9062 38209 1
27444 151990 9070 38241 0
27461 152084 9075 38266 0
27511 152361 9092 38335 0
27567 152672 9111 38413 1
27591 152804 9118 38446 1
27608 152898 9125 38470 1
27649 153125 9137 38527 1
27844 154205 9202 38799 1
27863 154311 9208 38825 0
27874 154372 9213 38841 1
27880 154406 9215 38850 1
27911 154577 9223 38892 0
27966 154881 9243 38969 0
27973 154920 9245 38979 0
28056 155379 9272 39094 1
28084 155535 9282 39134 1
28112 155689 9290 39172 1
28141 155851 9300 39213 0
28185 156094 9315 39274 1
28202 156188 9321 39297 0
28223 156304 9327 39326 1
28333 156913 9364 39480 1
28335 156925 9365 39483 0
28374 157140 9378 39537 0
28409 157334 9389 39586 0
28417 157378 9392 39597 1
28471 157678 9409 39673 0
28601 158398 9452 39854 1
28697 158929 9483 39988 0
28720 159057 9492 40021 0
28766 159311 9507 40084 0
28772 159344 9509 40092 1
28789 159438 9515 40115 1
28812 159566 9521 40149 0
28883 159959 9545 40247 1
28893 160015 9548 40260 1
28952 160341 9567 40344 0
28954 160353 9569 40346 0
28973 160458 9575 40372 1
29061 160945 9604 40494 0
29081 161056 9611 40523 1
29095 161133 9616 40542 1
29159 161488 9636 40632 0
29240 161936 9663 40744 1
29251 161997 9668 40760 1
29256 162026 9669 40767 0
29271 162108 9673 40786 0
29284 162181 9678 40806 0
29379 162707 9709 40937 1
29386 162745 9712 40949 1
29386 162746 9713 40949 1
29435 163016 9728 41015 1
29440 163044 9729 41022 0
29551 163658 9766 41178 0
29576 163798 9775 41213 0
29589 163869 9778 41231 0
29732 164661 9826 41430 1
29768 164861 9838 41480 1
29807 165076 9850 41534 0
29852 165327 9865 41598 0
29853 165332 9867 41599 0
29933 165775 9892 41709 0
29935 165786 9893 41712 0
29991 166095 9911 41791 0
30004 166169 9916 41809 1
30008 166190 9918 41814 0
30042 166378 9928 41862 0
30054 166445 9932 41878 0
30055 166450 9934 41880 1
30142 166932 9961 42001 1
30165 167059 9970 42034 1
30184 167165 9976 42060 0
30190 167199 9978 42067 1
30298 167796 10013 42219 1
30301 167813 10014 42223 0
30360 168139 10034 42306 1
30517 169009 10085 42524 1
30543 169153 10094 42560 0
30661 169807 10133 42724 0
30674 169878 10138 42742 1
30675 169884 10137 42743 1
30760 170355 10165 42862 0
30790 170521 10176 42904 0
30807 170615 10181 42928 0
30847 170836 10195 42983 1
30862 170920 10200 43005 0
30890 171074 10208 43043 0
30978 171562 10238 43166 1
31004 171706 10246 43202 0
31004 171707 10246 43202 0
31053 171978 10263 43270 1
31196 172769 10310 43469 1
31230 172957 10321 43516 1
31281 173240 10338 43588 0
31319 173452 10350 43641 1
31374 173756 10369 43719 0
31393 173861 10376 43744 0
31399 173894 10377 43754 0
31401 173905 10378 43756 0
31468 174276 10400 43850 1
31470 174287 10400 43851 1
31542 174686 10424 43953 1
31566 174819 10433 43985 1
31589 174946 10440 44017 1
31605 175034 10445 44040 0
31652 175295 10461 44106 0
31666 175373 10466 44125 0
31697 175544 10475 44167 1
31729 175720 10485 44212 0
31760 175893 10496 44256 0
31829 176274 10519 44352 0
31845 176364 10524 44375 1
31861 176452 10530 44397 1
31904 176690 10545 44457 0
31924 176800 10551 44484 0
31966 177034 10565 44543 1
32018 177322 10582 44615 0
32116 177865 10615 44752 1
32132 177954 10619 44774 0
32148 178042 10624 44797 0
32293 178845 10673 44999 1
32304 178906 10676 45014 0
32342 179116 10688 45066 1
32425 179576 10717 45182 0
32452 179725 10726 45219 0
32471 179831 10731 45247 1
32497 179975 10740 45282 1
32522 180113 10748 45317 0
32594 180511 10772 45417 0
32604 180567 10775 45431 1
32635 180738 10785 45475 1
32669 180928 10797 45522 1
32692 181054 10804 45555 0
32767 181470 10829 45659 0
