-32768 -16382 -25598 -29758 0
-32766 -16384 -25599 -29759 0
-32739 -16369 -25577 -29733 1
-32728 -16363 -25568 -29723 0
-32724 -16360 -25564 -29719 0
-32709 -16356 -25555 -29707 0
-32701 -16350 -25547 -29699 0
-32654 -16328 -25512 -29657 0
-32623 -16313 -25488 -29629 0
-32596 -16298 -25465 -29603 1
-32570 -16285 -25445 -29580 1
-32521 -16262 -25408 -29536 0
-32504 -16252 -25393 -29519 1
-32493 -16248 -25386 -29511 0
-32464 -16233 -25364 -29485 0
-32407 -16205 -25319 -29433 0
-32400 -16199 -25312 -29426 0
-32339 -16171 -25266 -29371 0
-32327 -16165 -25257 -29361 0
-32322 -16162 -25253 -29356 0
-32307 -16155 -25241 -29342 0
-32187 -16095 -25147 -29233 0
-32171 -16085 -25133 -29217 1
-32168 -16084 -25131 -29215 1
-32110 -16056 -25087 -29163 0
-32072 -16038 -25058 -29129 0
-32068 -16033 -25052 -29123 0
-32063 -16031 -25049 -29119 1
-32031 -16015 -25024 -29091 0
-32001 -16002 -25002 -29064 0
-31947 -15972 -24957 -29013 0
-31913 -15957 -24933 -28984 1
-31907 -15953 -24927 -28978 0
-31906 -15954 -24928 -28978 0
-31849 -15924 -24881 -28924 1
-31737 -15867 -24793 -28822 0
-31703 -15848 -24765 -28790 0
-31651 -15827 -24729 -28747 0
-31648 -15824 -24725 -28743 1
-31643 -15821 -24720 -28737 1
-31553 -15776 -24650 -28656 0
-31503 -15750 -24610 -28610 0
-31440 -15722 -24564 -28555 0
-31405 -15703 -24535 -28522 0
-31390 -15697 -24525 -28510 0
-31377 -15688 -24513 -28496 1
-31330 -15666 -24477 -28454 0
-31268 -15634 -24428 -28398 1
-31236 -15617 -24402 -28368 0
-31134 -15568 -24324 -28276 0
-31088 -15543 -24287 -28234 0
-31083 -15543 -24285 -28231 0
-31064 -15531 -24268 -28212 0
-31022 -15512 -24237 -28175 0
-30953 -15478 -24183 -28112 0
-30906 -15452 -24144 -28068 0
-30845 -15422 -24097 -28013 1
-30827 -15415 -24085 -27999 0
-30798 -15398 -24060 -27970 0
-30783 -15392 -24049 -27957 0
-30770 -15385 -24039 -27945 1
-30668 -15333 -23959 -27853 0
-30656 -15329 -23951 -27843 0
-30639 -15320 -23937 -27827 1
-30631 -15317 -23932 -27821 0
-30621 -15310 -23922 -27809 0
-30596 -15298 -23903 -27787 1
-30577 -15290 -23890 -27772 0
-30488 -15246 -23821 -27691 0
-30454 -15228 -23793 -27659 0
-30395 -15198 -23747 -27606 1
-30373 -15187 -23729 -27585 1
-30244 -15124 -23630 -27469 0
-30226 -15114 -23615 -27452 0
-30215 -15107 -23605 -27441 0
-30100 -15048 -23514 -27336 0
-30091 -15047 -23510 -27330 0
-29945 -14972 -23394 -27196 1
-29891 -14944 -23351 -27146 0
-29802 -14900 -23282 -27066 0
-29802 -14899 -23281 -27065 0
-29800 -14899 -23280 -27063 0
-29765 -14884 -23255 -27034 0
-29746 -14875 -23241 -27017 0
-29582 -14792 -23112 -26867 0
-29564 -14782 -23097 -26850 1
-29536 -14770 -23077 -26827 0
-29453 -14726 -23009 -26748 1
-29445 -14722 -23003 -26741 0
-29281 -14641 -22876 -26593 1
-29256 -14626 -22854 -26568 0
-29157 -14580 -22780 -26481 0
-29119 -14559 -22749 -26446 1
-29027 -14514 -22678 -26363 1
-29018 -14509 -22670 -26354 1
-28978 -14488 -22638 -26317 0
-28884 -14440 -22564 -26231 0
-28823 -14413 -22519 -26178 0
-28823 -14411 -22517 -26176 1
-28728 -14363 -22443 -26090 0
-28660 -14331 -22392 -26030 0
-28621 -14310 -22359 -25992 1
-28580 -14292 -22330 -25958 0
-28577 -14290 -22327 -25955 0
-28536 -14268 -22293 -25916 1
-28418 -14208 -22201 -25809 0
-28367 -14183 -22161 -25762 1
-28249 -14126 -22071 -25657 0
-28240 -14120 -22063 -25648 1
-28171 -14086 -22009 -25585 0
-28170 -14084 -22007 -25584 0
-28135 -14068 -21981 -25553 0
-28102 -14051 -21955 -25523 1
-28052 -14026 -21915 -25476 1
-28042 -14020 -21907 -25467 0
-27991 -13994 -21867 -25421 0
-27943 -13973 -21832 -25379 0
-27780 -13888 -21701 -25228 0
-27771 -13885 -21695 -25221 1
-27756 -13880 -21686 -25209 0
-27751 -13875 -21680 -25203 0
-27750 -13876 -21681 -25204 0
-27693 -13846 -21634 -25150 1
-27630 -13814 -21585 -25093 0
-27491 -13747 -21479 -24969 0
-27491 -13746 -21478 -24968 0
-27478 -13740 -21468 -24956 0
-27452 -13728 -21449 -24934 0
-27421 -13712 -21424 -24905 0
-27364 -13682 -21378 -24852 1
-27317 -13658 -21341 -24809 1
-27299 -13649 -21327 -24793 1
-27289 -13646 -21321 -24785 0
-27218 -13608 -21263 -24719 0
-27199 -13600 -21249 -24702 0
-27150 -13576 -21212 -24659 0
-27141 -13572 -21205 -24651 0
-27118 -13558 -21185 -24628 0
-27035 -13517 -21121 -24553 0
-26993 -13496 -21088 -24515 1
-26960 -13480 -21063 -24486 1
-26948 -13475 -21054 -24475 0
-26827 -13415 -20960 -24366 0
-26827 -13413 -20958 -24364 0
-26791 -13397 -20932 -24333 0
-26727 -13363 -20880 -24273 0
-26720 -13358 -20873 -24265 0
-26651 -13325 -20821 -24204 0
-26647 -13324 -20818 -24201 0
-26645 -13322 -20816 -24199 0
-26548 -13273 -20740 -24111 0
-26512 -13257 -20714 -24080 0
-26431 -13217 -20651 -24006 0
-26398 -13201 -20625 -23976 0
-26374 -13189 -20607 -23955 0
-26287 -13143 -20536 -23873 0
-26286 -13144 -20537 -23874 0
-26218 -13110 -20483 -23811 0
-26210 -13104 -20476 -23803 0
-26184 -13092 -20456 -23780 1
-26150 -13076 -20431 -23751 0
-26118 -13057 -20403 -23719 0
-25982 -12991 -20298 -23596 1
-25969 -12985 -20289 -23586 0
-25889 -12946 -20227 -23514 0
-25787 -12893 -20145 -23419 1
-25771 -12884 -20132 -23404 0
-25697 -12850 -20077 -23339 0
-25642 -12821 -20033 -23288 1
-25608 -12803 -20006 -23257 0
-25231 -12615 -19711 -22914 0
-25218 -12608 -19701 -22903 0
-25196 -12600 -19686 -22884 0
-25016 -12509 -19545 -22721 0
-25010 -12505 -19539 -22714 1
-25006 -12503 -19536 -22711 1
-24977 -12488 -19513 -22684 1
-24945 -12472 -19488 -22655 0
-24942 -12470 -19485 -22652 0
-24908 -12452 -19458 -22620 0
-24881 -12440 -19438 -22597 0
-24800 -12401 -19376 -22524 0
-24785 -12394 -19365 -22511 0
-24766 -12383 -19349 -22493 1
-24742 -12369 -19328 -22469 0
-24737 -12368 -19325 -22465 1
-24729 -12364 -19319 -22459 0
-24682 -12340 -19282 -22416 0
-24663 -12330 -19267 -22398 0
-24619 -12309 -19233 -22358 1
-24560 -12281 -19188 -22306 0
-24554 -12277 -19183 -22300 1
-24551 -12275 -19180 -22297 1
-24535 -12268 -19168 -22283 0
-24500 -12249 -19140 -22251 0
-24498 -12250 -19140 -22250 0
-24443 -12221 -19096 -22199 0
-24377 -12189 -19045 -22140 1
-24261 -12130 -18954 -22034 0
-24248 -12126 -18946 -22024 0
-24209 -12104 -18913 -21987 0
-24182 -12093 -18894 -21964 0
-24166 -12082 -18879 -21947 0
-24162 -12080 -18876 -21943 0
-24123 -12061 -18846 -21908 0
-24028 -12013 -18771 -21822 0
-23954 -11976 -18713 -21754 0
-23941 -11970 -18703 -21742 1
-23921 -11962 -18690 -21727 0
-23889 -11945 -18664 -21697 1
-23875 -11937 -18652 -21683 1
-23834 -11919 -18622 -21648 0
-23827 -11913 -18614 -21639 0
-23823 -11913 -18613 -21637 0
-23779 -11891 -18579 -21598 0
-23754 -11879 -18560 -21575 0
-23751 -11877 -18557 -21572 0
-23735 -11866 -18542 -21555 0
-23717 -11859 -18529 -21540 1
-23660 -11830 -18484 -21488 1
-23653 -11828 -18480 -21483 0
-23606 -11802 -18441 -21438 0
-23599 -11800 -18437 -21433 0
-23583 -11793 -18426 -21420 0
-23559 -11781 -18407 -21398 0
-23548 -11775 -18398 -21387 0
-23512 -11754 -18367 -21352 0
-23403 -11701 -18283 -21254 1
-23329 -11665 -18226 -21188 0
-23201 -11600 -18125 -21071 0
-23187 -11592 -18113 -21057 0
-23136 -11569 -18076 -21013 0
-23117 -11557 -18059 -20994 0
-23109 -11554 -18053 -20987 0
-23082 -11540 -18032 -20962 0
-23078 -11541 -18032 -20962 0
-23063 -11533 -18019 -20947 0
-22952 -11474 -17929 -20843 0
-22897 -11450 -17890 -20797 0
-22884 -11442 -17878 -20783 1
-22848 -11423 -17849 -20750 0
-22841 -11420 -17844 -20744 1
-22826 -11411 -17831 -20729 0
-22780 -11391 -17798 -20690 0
-22774 -11389 -17794 -20685 0
-22662 -11333 -17707 -20584 0
-22567 -11283 -17630 -20495 0
-22557 -11278 -17622 -20486 0
-22524 -11261 -17596 -20456 0
-22519 -11260 -17593 -20452 0
-22513 -11257 -17589 -20447 0
-22457 -11230 -17546 -20397 0
-22414 -11206 -17510 -20356 0
-22324 -11163 -17442 -20276 0
-22282 -11143 -17410 -20238 0
-22238 -11119 -17374 -20197 1
-22232 -11117 -17370 -20192 0
-22192 -11095 -17337 -20154 0
-22039 -11019 -17218 -20016 0
-22037 -11018 -17216 -20013 1
-22017 -11007 -17199 -19994 0
-21957 -10979 -17154 -19941 1
-21940 -10969 -17140 -19926 0
-21925 -10964 -17130 -19913 0
-21923 -10961 -17127 -19910 0
-21834 -10917 -17058 -19830 1
-21826 -10912 -17051 -19822 0
-21736 -10869 -16982 -19741 0
-21659 -10831 -16922 -19671 0
-21571 -10787 -16854 -19592 0
-21501 -10750 -16797 -19527 0
-21434 -10717 -16745 -19466 1
-21400 -10700 -16719 -19436 1
-21353 -10678 -16683 -19394 0
-21327 -10665 -16663 -19370 0
-21265 -10631 -16612 -19312 0
-21198 -10600 -16562 -19253 0
-21172 -10584 -16539 -19227 0
-21154 -10577 -16526 -19211 1
-21142 -10571 -16517 -19201 1
-21082 -10539 -16469 -19146 0
-21080 -10540 -16468 -19144 1
-21072 -10536 -16462 -19137 1
-21057 -10528 -16450 -19123 1
-21015 -10507 -16418 -19086 0
-20986 -10495 -16397 -19061 0
-20978 -10490 -16390 -19053 0
-20936 -10469 -16357 -19015 0
-20883 -10443 -16316 -18967 0
-20882 -10442 -16315 -18966 0
-20863 -10431 -16299 -18948 0
-20841 -10421 -16282 -18928 0
-20828 -10414 -16272 -18916 1
-20814 -10407 -16261 -18904 1
-20796 -10399 -16248 -18888 0
-20718 -10359 -16186 -18816 1
-20563 -10283 -16066 -18676 0
-20552 -10276 -16056 -18665 1
-20504 -10253 -16020 -18623 0
-20503 -10253 -16019 -18622 0
-20369 -10185 -15914 -18500 0
-20369 -10184 -15913 -18499 0
-20344 -10172 -15894 -18477 1
-20306 -10152 -15863 -18441 0
-20224 -10111 -15799 -18367 0
-20204 -10103 -15785 -18350 0
-20159 -10081 -15751 -18310 0
-20106 -10054 -15709 -18262 0
-20105 -10052 -15707 -18259 0
-20078 -10040 -15687 -18236 0
-20040 -10019 -15656 -18200 0
-20029 -10015 -15648 -18191 0
-20020 -10010 -15640 -18181 1
-19968 -9983 -15599 -18134 0
-19936 -9969 -15576 -18107 0
-19795 -9897 -15464 -17977 1
-19785 -9893 -15458 -17970 1
-19782 -9893 -15457 -17968 0
-19728 -9863 -15412 -17917 0
-19718 -9861 -15407 -17910 0
-19658 -9830 -15358 -17853 0
-19598 -9797 -15309 -17797 0
-19570 -9787 -15291 -17775 0
-19525 -9764 -15255 -17734 0
-19515 -9759 -15247 -17724 0
-19467 -9733 -15208 -17680 0
-19423 -9711 -15174 -17640 0
-19386 -9691 -15144 -17605 0
-19272 -9636 -15056 -17503 1
-19251 -9625 -15039 -17483 1
-19146 -9572 -14957 -17388 0
-19115 -9559 -14935 -17362 0
-19026 -9514 -14865 -17280 0
-18993 -9498 -14840 -17251 0
-18973 -9486 -14822 -17231 0
-18951 -9475 -14805 -17211 1
-18947 -9472 -14801 -17207 0
-18902 -9450 -14766 -17166 0
-18899 -9450 -14765 -17164 0
-18886 -9442 -14754 -17152 0
-18788 -9393 -14677 -17062 0
-18731 -9367 -14635 -17013 0
-18730 -9366 -14634 -17012 0
-18706 -9351 -14612 -16987 0
-18578 -9290 -14515 -16874 0
-18570 -9283 -14506 -16864 0
-18565 -9284 -14505 -16862 0
-18492 -9247 -14448 -16796 0
-18464 -9232 -14425 -16769 1
-18336 -9167 -14324 -16652 0
-18168 -9083 -14193 -16500 0
-18115 -9057 -14152 -16452 0
-18088 -9046 -14133 -16429 0
-18044 -9022 -14097 -16388 1
-18001 -9002 -14065 -16350 0
-17948 -8972 -14020 -16299 0
-17897 -8948 -13982 -16254 0
-17897 -8948 -13981 -16253 1
-17863 -8931 -13955 -16223 0
-17769 -8884 -13882 -16138 0
-17753 -8875 -13868 -16122 0
-17658 -8828 -13794 -16036 0
-17584 -8794 -13739 -15971 0
-17560 -8781 -13720 -15949 0
-17546 -8773 -13708 -15935 1
-17432 -8718 -13621 -15834 0
-17317 -8658 -13528 -15726 1
-17252 -8628 -13480 -15670 0
-17188 -8595 -13429 -15611 0
-17154 -8576 -13401 -15579 0
-17111 -8555 -13367 -15539 1
-17090 -8547 -13353 -15522 0
-17059 -8529 -13327 -15493 0
-16998 -8497 -13278 -15436 0
-16931 -8466 -13228 -15377 1
-16927 -8465 -13226 -15375 0
-16912 -8456 -13213 -15360 1
-16905 -8454 -13208 -15354 0
-16812 -8407 -13135 -15269 0
-16578 -8288 -12951 -15056 0
-16565 -8284 -12943 -15046 0
-16514 -8258 -12902 -14998 0
-16511 -8255 -12899 -14995 0
-16385 -8192 -12800 -14880 0
-16384 -8191 -12799 -14879 0
-16383 -8191 -12799 -14879 0
-16333 -8167 -12761 -14834 1
-16326 -8162 -12754 -14827 0
-16324 -8163 -12754 -14826 0
-16206 -8104 -12662 -14719 0
-16082 -8042 -12565 -14607 0
-15799 -7899 -12342 -14348 1
-15788 -7893 -12334 -14338 0
-15764 -7883 -12316 -14317 0
-15749 -7874 -12303 -14302 1
-15737 -7868 -12294 -14292 0
-15723 -7861 -12283 -14279 0
-15718 -7857 -12278 -14274 0
-15576 -7789 -12170 -14147 0
-15529 -7766 -12133 -14104 0
-15495 -7747 -12105 -14072 0
-15464 -7733 -12082 -14045 0
-15461 -7731 -12079 -14042 1
-15274 -7636 -11932 -13871 0
-15220 -7612 -11892 -13824 0
-15208 -7602 -11879 -13810 0
-14942 -7473 -11675 -13572 0
-14900 -7449 -11640 -13532 0
-14847 -7423 -11599 -13484 0
-14843 -7421 -11596 -13480 0
-14726 -7364 -11506 -13375 0
-14714 -7355 -11494 -13362 0
-14709 -7354 -11491 -13358 0
-14678 -7340 -11468 -13331 0
-14664 -7332 -11456 -13317 1
-14645 -7324 -11443 -13302 0
-14576 -7288 -11387 -13237 1
-14550 -7274 -11366 -13213 0
-14526 -7265 -11350 -13194 0
-14488 -7243 -11318 -13157 0
-14439 -7219 -11280 -13113 1
-14377 -7188 -11231 -13056 1
-14347 -7174 -11209 -13030 0
-14346 -7174 -11209 -13030 0
-14250 -7125 -11133 -12942 1
-14247 -7123 -11130 -12939 1
-14243 -7123 -11129 -12937 0
-14230 -7114 -11116 -12923 0
-14218 -7109 -11108 -12913 1
-14211 -7107 -11104 -12908 0
-14153 -7077 -11057 -12854 0
-14090 -7044 -11007 -12796 0
-13941 -6970 -10891 -12661 0
-13905 -6952 -10863 -12628 0
-13887 -6945 -10851 -12614 0
-13855 -6927 -10824 -12583 0
-13852 -6927 -10823 -12582 0
-13850 -6926 -10821 -12579 0
-13846 -6922 -10816 -12574 0
-13816 -6909 -10794 -12548 0
-13743 -6873 -10738 -12483 0
-13741 -6870 -10735 -12479 0
-13739 -6871 -10735 -12479 0
-13730 -6865 -10727 -12470 1
-13728 -6866 -10727 -12470 0
-13701 -6851 -10704 -12443 0
-13691 -6842 -10693 -12432 0
-13608 -6804 -10631 -12359 1
-13602 -6800 -10626 -12353 0
-13583 -6793 -10613 -12337 0
-13501 -6750 -10547 -12261 1
-13418 -6710 -10484 -12187 0
-13418 -6709 -10483 -12186 1
-13368 -6685 -10445 -12142 0
-13342 -6672 -10424 -12118 0
-13238 -6619 -10342 -12022 1
-13223 -6612 -10331 -12010 1
-13125 -6562 -10253 -11919 0
-13034 -6517 -10183 -11838 1
-13026 -6512 -10176 -11830 0
-12972 -6486 -10134 -11781 1
-12916 -6457 -10090 -11730 0
-12857 -6428 -10044 -11676 1
-12854 -6428 -10043 -11675 0
-12813 -6407 -10010 -11636 0
-12767 -6384 -9975 -11596 1
-12749 -6375 -9961 -11579 1
-12711 -6355 -9930 -11544 0
-12701 -6350 -9922 -11534 0
-12693 -6348 -9918 -11529 0
-12560 -6279 -9812 -11407 0
-12470 -6237 -9744 -11327 0
-12450 -6223 -9725 -11306 0
-12347 -6173 -9646 -11213 0
-12316 -6158 -9622 -11185 1
-12253 -6128 -9574 -11129 0
-12232 -6116 -9556 -11109 1
-12171 -6085 -9508 -11053 0
-12079 -6040 -9437 -10970 1
-12067 -6035 -9429 -10961 0
-12036 -6019 -9404 -10932 0
-12027 -6013 -9396 -10923 0
-11974 -5989 -9357 -10877 0
-11874 -5938 -9278 -10785 0
-11830 -5915 -9242 -10744 1
-11770 -5884 -9194 -10688 0
-11687 -5843 -9130 -10614 0
-11672 -5836 -9119 -10601 1
-11671 -5835 -9117 -10599 1
-11627 -5814 -9084 -10560 1
-11602 -5799 -9062 -10535 0
-11575 -5788 -9043 -10512 1
-11499 -5749 -8983 -10443 0
-11491 -5747 -8979 -10438 0
-11483 -5741 -8970 -10428 1
-11456 -5726 -8948 -10403 0
-11396 -5697 -8902 -10349 0
-11383 -5693 -8894 -10339 0
-11311 -5657 -8838 -10274 0
-11252 -5626 -8791 -10219 1
-11245 -5622 -8784 -10211 1
-11234 -5619 -8778 -10204 0
-11144 -5572 -8706 -10121 1
-11105 -5554 -8677 -10087 0
-11103 -5553 -8676 -10085 0
-11061 -5532 -8643 -10047 0
-11017 -5508 -8607 -10006 0
-10992 -5497 -8589 -9984 0
-10860 -5431 -8485 -9864 0
-10821 -5412 -8455 -9829 0
-10807 -5405 -8444 -9816 0
-10797 -5398 -8434 -9805 1
-10773 -5387 -8417 -9784 0
-10740 -5368 -8389 -9753 0
-10735 -5368 -8387 -9750 1
-10699 -5348 -8357 -9715 0
-10620 -5313 -8300 -9648 0
-10609 -5303 -8287 -9634 0
-10517 -5259 -8217 -9552 1
-10511 -5257 -8213 -9547 0
-10443 -5221 -8158 -9484 0
-10435 -5218 -8153 -9478 1
-10409 -5203 -8131 -9453 0
-10256 -5130 -8014 -9316 0
-10199 -5101 -7969 -9264 0
-10132 -5064 -7914 -9201 0
-10078 -5038 -7873 -9153 0
-10012 -5006 -7822 -9093 1
-9945 -4972 -7769 -9032 0
-9941 -4972 -7768 -9030 0
-9941 -4969 -7765 -9027 0
-9870 -4935 -7711 -8964 1
-9843 -4922 -7690 -8940 1
-9634 -4815 -7525 -8748 0
-9554 -4775 -7462 -8675 0
-9532 -4768 -7449 -8659 0
-9463 -4733 -7394 -8595 0
-9456 -4728 -7387 -8587 1
-9403 -4701 -7346 -8540 0
-9383 -4692 -7331 -8522 1
-9299 -4649 -7264 -8445 0
-9247 -4623 -7224 -8398 1
-9241 -4622 -7221 -8394 0
-9188 -4594 -7178 -8344 1
-9151 -4575 -7149 -8311 0
-9134 -4568 -7137 -8296 0
-9092 -4546 -7103 -8257 1
-9050 -4525 -7070 -8219 1
-9022 -4509 -7047 -8193 0
-8881 -4442 -6940 -8067 0
-8873 -4436 -6932 -8058 0
-8804 -4401 -6877 -7995 0
-8764 -4384 -6849 -7961 0
-8694 -4347 -6792 -7896 1
-8687 -4343 -6786 -7889 1
-8530 -4264 -6663 -7746 0
-8439 -4221 -6594 -7665 0
-8423 -4213 -6582 -7651 0
-8410 -4205 -6570 -7638 1
-8296 -4146 -6479 -7532 0
-8193 -4096 -6400 -7440 1
-8192 -4096 -6400 -7440 1
-8191 -4095 -6399 -7439 1
-8057 -4028 -6294 -7317 1
-8048 -4023 -6287 -7309 0
-8009 -4006 -6258 -7275 0
-7992 -3994 -6242 -7257 0
-7833 -3916 -6119 -7114 0
-7784 -3891 -6080 -7068 0
-7753 -3876 -6057 -7042 0
-7693 -3846 -6010 -6987 0
-7681 -3839 -5999 -6974 0
-7574 -3788 -5918 -6879 0
-7572 -3787 -5917 -6878 0
-7553 -3778 -5902 -6861 0
-7508 -3754 -5865 -6818 1
-7493 -3746 -5853 -6804 1
-7480 -3741 -5845 -6795 0
-7399 -3700 -5781 -6720 1
-7339 -3670 -5734 -6666 0
-7326 -3663 -5724 -6654 1
-7323 -3661 -5721 -6651 0
-7240 -3619 -5655 -6574 0
-7113 -3556 -5556 -6459 1
-7068 -3533 -5521 -6419 0
-7066 -3531 -5519 -6416 0
-6944 -3473 -5426 -6308 0
-6941 -3472 -5424 -6305 0
-6927 -3463 -5412 -6292 0
-6910 -3454 -5398 -6275 0
-6900 -3450 -5391 -6267 1
-6819 -3409 -5327 -6193 0
-6689 -3344 -5225 -6074 0
-6532 -3266 -5103 -5932 1
-6526 -3263 -5098 -5926 1
-6516 -3258 -5091 -5918 1
-6470 -3235 -5054 -5875 1
-6437 -3219 -5029 -5846 0
-6349 -3174 -4960 -5766 0
-6335 -3166 -4948 -5752 0
-6324 -3161 -4940 -5743 0
-6311 -3157 -4932 -5733 0
-6310 -3156 -4931 -5732 0
-6300 -3151 -4923 -5723 0
-6280 -3142 -4908 -5705 0
-6249 -3124 -4881 -5674 1
-6240 -3120 -4875 -5667 1
-6145 -3074 -4802 -5582 0
-6119 -3061 -4782 -5559 0
-6055 -3029 -4732 -5501 0
-5948 -2974 -4647 -5402 1
-5947 -2975 -4648 -5403 0
-5884 -2943 -4598 -5345 0
-5873 -2936 -4588 -5334 0
-5835 -2919 -4560 -5301 0
-5749 -2876 -4493 -5223 0
-5717 -2858 -4466 -5192 0
-5686 -2843 -4442 -5164 1
-5670 -2834 -4429 -5149 0
-5641 -2822 -4408 -5124 0
-5621 -2809 -4390 -5104 0
-5603 -2801 -4377 -5088 0
-5596 -2798 -4372 -5082 1
-5523 -2761 -4314 -5015 0
-5505 -2752 -4300 -4999 1
-5496 -2750 -4296 -4993 0
-5496 -2748 -4293 -4991 1
-5461 -2730 -4266 -4959 0
-5442 -2721 -4252 -4943 1
-5424 -2714 -4239 -4927 0
-5397 -2698 -4216 -4901 0
-5377 -2690 -4202 -4884 0
-5190 -2596 -4055 -4714 0
-5184 -2593 -4051 -4709 0
-5110 -2556 -3993 -4642 0
-5107 -2554 -3990 -4638 0
-5039 -2519 -3937 -4577 0
-4992 -2498 -3902 -4536 0
-4968 -2482 -3879 -4510 0
-4868 -2434 -3803 -4421 1
-4859 -2430 -3797 -4414 1
-4774 -2388 -3731 -4337 0
-4726 -2362 -3691 -4291 0
-4687 -2343 -3661 -4256 0
-4609 -2305 -3601 -4186 0
-4590 -2296 -3587 -4170 0
-4540 -2270 -3547 -4123 1
-4487 -2243 -3505 -4075 0
-4466 -2232 -3488 -4055 0
-4330 -2165 -3383 -3933 1
-4277 -2139 -3342 -3885 1
-4203 -2101 -3283 -3817 1
-4151 -2077 -3244 -3771 0
-4119 -2061 -3219 -3742 0
-4097 -2049 -3201 -3721 0
-4096 -2049 -3201 -3721 0
-4095 -2048 -3199 -3719 0
-4067 -2033 -3177 -3693 0
-4043 -2021 -3158 -3671 1
-3958 -1978 -3091 -3594 0
-3887 -1942 -3035 -3529 0
-3852 -1928 -3011 -3500 0
-3801 -1902 -2971 -3453 0
-3799 -1899 -2968 -3450 0
-3743 -1871 -2924 -3399 1
-3713 -1858 -2902 -3373 0
-3661 -1830 -2860 -3325 0
-3544 -1773 -2770 -3220 0
-3442 -1721 -2689 -3126 1
-3431 -1716 -2681 -3117 1
-3427 -1712 -2676 -3111 0
-3399 -1699 -2655 -3087 1
-3314 -1656 -2588 -3009 0
-3296 -1650 -2577 -2995 0
-3289 -1646 -2571 -2988 0
-3265 -1632 -2550 -2965 0
-3193 -1597 -2495 -2900 1
-3110 -1556 -2431 -2826 0
-3029 -1515 -2367 -2751 0
-2919 -1460 -2281 -2652 1
-2868 -1434 -2240 -2604 1
-2863 -1433 -2238 -2601 0
-2838 -1419 -2217 -2577 1
-2822 -1410 -2204 -2562 0
-2780 -1390 -2172 -2525 1
-2689 -1344 -2100 -2441 1
-2677 -1340 -2093 -2433 0
-2673 -1336 -2088 -2427 0
-2663 -1331 -2080 -2418 0
-2616 -1308 -2043 -2375 1
-2615 -1308 -2043 -2375 0
-2591 -1294 -2023 -2352 0
-2569 -1286 -2008 -2334 0
-2569 -1284 -2007 -2333 0
-2536 -1269 -1982 -2304 0
-2506 -1252 -1957 -2275 0
-2502 -1249 -1953 -2271 0
-2365 -1183 -1848 -2148 1
-2212 -1105 -1727 -2008 0
-2205 -1104 -1724 -2004 0
-2203 -1100 -1720 -2000 0
-2199 -1099 -1717 -1996 1
-2156 -1078 -1684 -1958 1
-2064 -1031 -1612 -1874 0
-2049 -1025 -1601 -1861 0
-2048 -1025 -1601 -1861 0
-2047 -1024 -1599 -1859 0
-2026 -1012 -1582 -1839 0
-2024 -1013 -1582 -1839 0
-1995 -998 -1559 -1812 1
-1872 -937 -1464 -1702 0
-1849 -926 -1446 -1681 0
-1778 -889 -1389 -1615 1
-1693 -846 -1322 -1537 1
-1687 -845 -1319 -1533 0
-1633 -818 -1277 -1484 0
-1629 -816 -1274 -1481 0
-1589 -796 -1243 -1444 0
-1579 -789 -1233 -1434 0
-1561 -780 -1219 -1417 0
-1535 -767 -1199 -1394 0
-1519 -761 -1188 -1381 0
-1515 -759 -1185 -1377 0
-1447 -725 -1132 -1316 0
-1421 -710 -1110 -1290 0
-1395 -699 -1091 -1268 0
-1340 -670 -1047 -1217 1
-1336 -669 -1045 -1215 0
-1307 -655 -1022 -1188 0
-1300 -651 -1017 -1182 0
-1288 -645 -1007 -1170 0
-1229 -616 -961 -1117 0
-1227 -614 -959 -1115 1
-1213 -607 -948 -1102 1
-1137 -568 -888 -1032 1
-1071 -535 -836 -972 0
-1025 -513 -801 -931 0
-1024 -513 -801 -931 0
-1023 -512 -799 -929 0
-993 -496 -775 -901 1
-929 -464 -725 -843 0
-899 -451 -704 -818 0
-863 -431 -674 -784 0
-851 -425 -665 -773 0
-804 -404 -630 -732 0
-791 -395 -617 -717 1
-766 -383 -598 -695 1
-757 -380 -593 -689 0
-630 -311 -489 -569 0
-571 -285 -445 -517 1
-513 -257 -401 -466 0
-512 -257 -401 -466 0
-511 -256 -399 -464 0
-502 -252 -393 -457 0
-450 -225 -352 -409 1
-433 -217 -339 -394 0
-425 -213 -333 -387 1
-363 -183 -285 -331 0
-325 -164 -255 -296 0
-318 -158 -248 -288 0
-263 -131 -205 -239 0
-255 -129 -201 -233 0
-254 -129 -200 -232 0
-253 -128 -199 -231 0
-252 -128 -199 -231 0
-251 -127 -197 -229 0
-250 -127 -197 -229 0
-250 -125 -195 -227 1
-249 -126 -196 -227 0
-248 -126 -196 -227 0
-247 -125 -194 -225 0
-246 -125 -194 -225 0
-245 -124 -193 -224 0
-244 -124 -192 -223 0
-243 -123 -191 -222 0
-242 -123 -191 -222 0
-241 -122 -190 -220 0
-240 -122 -189 -219 0
-239 -121 -188 -218 0
-238 -121 -188 -218 0
-237 -120 -186 -216 0
-236 -120 -186 -216 0
-235 -119 -185 -215 0
-234 -119 -185 -214 0
-234 -117 -183 -213 1
-233 -118 -183 -212 0
-232 -118 -183 -212 0
-231 -117 -182 -211 0
-230 -117 -182 -211 0
-229 -116 -180 -209 0
-228 -116 -180 -209 0
-227 -115 -179 -208 0
-226 -115 -178 -206 0
-225 -114 -177 -205 0
-224 -114 -177 -205 0
-224 -112 -175 -203 1
-223 -113 -176 -204 0
-222 -113 -175 -203 0
-221 -112 -174 -202 0
-220 -112 -174 -202 0
-219 -111 -172 -200 0
-218 -111 -172 -199 0
-217 -110 -171 -198 0
-217 -109 -170 -198 1
-216 -110 -171 -198 0
-215 -109 -169 -196 0
-214 -109 -169 -196 0
-213 -108 -168 -195 0
-212 -108 -167 -194 0
-211 -107 -166 -193 0
-210 -107 -166 -192 0
-209 -106 -165 -191 0
-208 -106 -164 -190 0
-207 -105 -163 -189 0
-206 -105 -163 -189 0
-205 -104 -161 -187 0
-204 -104 -161 -187 0
-203 -103 -160 -186 0
-202 -103 -160 -185 0
-201 -102 -158 -183 0
-200 -101 -157 -182 0
-199 -101 -157 -182 0
-198 -100 -156 -181 0
-197 -100 -155 -180 0
-196 -99 -154 -179 0
-195 -99 -154 -179 0
-194 -98 -153 -178 0
-193 -98 -152 -176 0
-192 -97 -151 -175 0
-191 -97 -151 -175 0
-191 -95 -149 -173 1
-190 -96 -149 -173 0
-189 -96 -149 -173 0
-188 -95 -148 -172 0
-187 -95 -148 -172 0
-186 -94 -146 -170 0
-185 -94 -146 -169 0
-184 -93 -145 -168 0
-183 -93 -144 -167 0
-182 -92 -143 -166 0
-181 -92 -143 -166 0
-180 -91 -142 -165 0
-179 -91 -141 -164 0
-178 -91 -141 -163 0
-177 -90 -140 -162 0
-176 -90 -139 -161 0
-175 -89 -138 -160 0
-174 -89 -138 -160 0
-173 -88 -137 -159 0
-172 -87 -135 -157 0
-171 -87 -135 -157 0
-170 -86 -134 -156 0
-169 -86 -133 -154 0
-168 -85 -132 -153 0
-167 -85 -132 -153 0
-166 -84 -131 -152 0
-165 -84 -130 -151 0
-164 -84 -130 -151 0
-163 -83 -129 -150 0
-162 -82 -128 -148 0
-161 -82 -127 -147 0
-160 -81 -126 -146 0
-159 -81 -126 -146 0
-158 -81 -125 -145 0
-157 -80 -124 -144 0
-156 -80 -124 -143 0
-155 -79 -123 -143 0
-154 -78 -121 -141 0
-153 -78 -121 -140 0
-152 -77 -120 -139 0
-151 -77 -119 -138 0
-150 -76 -118 -137 0
-149 -76 -118 -137 0
-148 -75 -117 -136 0
-147 -75 -116 -135 0
-146 -74 -115 -134 0
-145 -74 -115 -133 0
-144 -73 -114 -132 0
-143 -73 -113 -131 0
-142 -72 -112 -130 0
-141 -72 -112 -130 0
-140 -71 -110 -128 0
-139 -71 -110 -128 0
-138 -70 -109 -127 0
-138 -66 -105 -123 0
-137 -70 -108 -125 0
-136 -69 -107 -124 0
-135 -69 -107 -124 0
-134 -68 -106 -123 0
-133 -68 -105 -122 0
-132 -67 -104 -121 0
-131 -67 -104 -121 0
-130 -66 -103 -119 0
-129 -66 -102 -118 0
-128 -65 -101 -117 0
-127 -65 -101 -117 0
-126 -64 -99 -115 0
-125 -64 -99 -115 0
-124 -63 -98 -114 0
-123 -63 -98 -113 0
-122 -62 -96 -111 0
-121 -62 -96 -111 0
-120 -61 -95 -110 0
-119 -61 -94 -109 0
-118 -60 -93 -108 0
-117 -60 -93 -108 0
-116 -58 -91 -106 1
-115 -58 -90 -105 1
-114 -58 -90 -104 0
-113 -57 -89 -103 1
-112 -56 -88 -102 1
-111 -56 -87 -101 1
-110 -55 -86 -100 1
-109 -56 -87 -101 0
-108 -54 -84 -98 1
-107 -54 -84 -98 1
-106 -53 -83 -97 1
-105 -54 -83 -96 0
-104 -53 -82 -95 0
-103 -52 -81 -94 1
-102 -52 -81 -94 0
-101 -51 -79 -92 1
-100 -51 -79 -92 0
-99 -51 -79 -92 0
-98 -50 -78 -90 0
-97 -50 -77 -89 0
-96 -49 -76 -88 0
-95 -49 -76 -88 0
-94 -47 -74 -86 1
-93 -47 -73 -85 1
-92 -46 -72 -84 1
-91 -46 -72 -83 1
-90 -45 -70 -81 1
-89 -45 -70 -81 1
-88 -45 -70 -81 0
-87 -45 -69 -80 0
-86 -43 -67 -78 1
-85 -43 -67 -78 1
-84 -42 -66 -77 1
-83 -42 -65 -76 1
-82 -41 -64 -74 1
-81 -41 -64 -74 1
-80 -41 -64 -74 0
-79 -41 -63 -73 0
-78 -40 -62 -72 0
-77 -40 -62 -72 0
-76 -39 -60 -70 0
-75 -39 -60 -69 0
-74 -37 -58 -67 1
-73 -37 -58 -67 1
-72 -37 -57 -66 0
-71 -37 -57 -66 0
-70 -36 -56 -65 0
-69 -36 -55 -64 0
-68 -34 -53 -62 1
-67 -34 -53 -62 1
-66 -33 -52 -60 1
-65 -33 -51 -59 1
-64 -32 -50 -58 1
-63 -32 -50 -58 1
-62 -31 -49 -57 1
-61 -31 -48 -56 1
-60 -30 -47 -55 1
-59 -30 -47 -54 1
-58 -29 -45 -52 1
-57 -29 -45 -52 1
-56 -28 -44 -51 1
-55 -28 -43 -50 1
-54 -27 -42 -49 1
-53 -27 -42 -49 1
-52 -26 -41 -48 1
-51 -26 -40 -46 1
-50 -25 -39 -45 1
-49 -25 -39 -45 1
-48 -24 -38 -44 1
-47 -24 -37 -43 1
-46 -23 -36 -42 1
-45 -23 -36 -42 1
-44 -22 -34 -40 1
-43 -21 -33 -39 0
-42 -20 -32 -38 0
-41 -20 -32 -37 0
-40 -20 -31 -36 1
-39 -20 -31 -36 1
-38 -19 -30 -35 1
-37 -19 -29 -34 1
-36 -18 -28 -33 1
-35 -18 -28 -32 1
-34 -16 -26 -31 0
-33 -16 -26 -30 0
-32 -15 -24 -28 0
-31 -15 -24 -28 0
-30 -14 -23 -27 0
-29 -15 -23 -27 1
-28 -15 -23 -27 0
-28 -13 -21 -25 0
-27 -14 -22 -25 1
-26 -12 -20 -23 0
-25 -12 -19 -22 0
-24 -11 -18 -21 0
-23 -11 -18 -21 0
-22 -10 -16 -19 0
-21 -10 -16 -19 0
-20 -9 -15 -18 0
-19 -9 -15 -18 0
-18 -8 -13 -16 0
-17 -8 -13 -15 0
-16 -7 -12 -14 0
-15 -7 -12 -14 0
-14 -6 -10 -12 0
-13 -6 -10 -12 0
-12 -5 -9 -11 0
-11 -5 -8 -10 0
-10 -4 -7 -9 0
-9 -4 -7 -8 0
-8 -2 -5 -6 0
-7 -2 -4 -5 0
-6 0 -2 -3 0
-5 1 -1 -2 0
-4 0 -1 -2 0
-3 -1 -2 -2 0
-2 0 -1 -1 0
-1 0 0 0 0
2 1 1 1 1
3 0 1 1 0
4 0 1 2 0
5 1 3 4 0
5 2 3 4 1
6 0 2 3 0
6 4 5 6 0
7 3 5 6 0
8 3 6 7 0
9 4 7 8 0
10 4 7 8 0
11 5 8 10 0
12 5 9 11 0
13 6 10 12 0
14 6 10 12 0
15 7 11 13 0
16 7 12 14 0
17 8 13 15 0
18 8 13 16 0
19 9 15 18 0
20 9 15 18 0
21 10 16 19 0
22 10 17 20 0
23 11 18 21 0
24 11 18 21 0
25 12 19 22 0
26 12 20 24 0
27 14 22 26 1
28 13 21 25 0
29 14 22 26 0
30 14 23 27 0
31 16 25 29 1
32 15 24 28 0
33 16 26 30 0
34 17 27 31 1
35 18 28 33 1
36 18 28 33 1
37 19 30 35 1
38 19 30 35 1
39 19 30 35 0
40 20 32 37 1
41 21 33 38 1
42 21 33 38 1
43 22 34 40 1
44 22 35 41 1
45 23 36 42 1
46 23 36 42 1
47 24 37 43 1
48 23 37 43 0
49 24 38 44 0
50 24 38 45 0
51 25 40 47 0
52 26 41 48 1
53 27 42 49 1
54 26 42 49 0
55 27 43 50 0
56 28 44 51 1
57 29 45 52 1
58 29 46 54 1
59 30 47 55 1
60 29 46 54 0
61 31 48 56 1
62 30 48 56 0
63 32 50 58 1
64 32 50 58 1
65 33 51 59 1
66 33 52 61 1
67 34 53 62 1
68 34 53 62 1
69 35 55 64 1
70 35 55 64 1
71 36 56 65 1
72 36 57 66 1
73 37 58 67 1
74 37 58 68 1
75 38 59 69 1
76 38 60 70 1
77 39 61 71 1
78 39 61 71 1
79 40 62 72 1
80 40 63 73 1
81 41 64 74 1
82 41 64 75 1
83 42 66 77 1
84 42 66 77 1
85 43 67 78 1
86 43 67 78 1
87 44 69 80 1
88 44 69 80 1
89 45 70 81 1
90 45 71 83 1
91 46 72 84 1
92 46 72 84 1
93 47 73 85 1
94 48 74 86 0
95 48 75 87 0
96 48 75 87 1
97 49 76 88 1
98 49 77 90 1
99 50 78 91 1
100 50 78 91 1
101 51 80 93 1
102 51 80 93 1
103 52 81 94 1
104 52 82 95 1
105 53 83 96 1
106 53 83 97 1
107 54 84 98 1
108 54 85 99 1
109 55 86 100 1
110 56 87 101 0
111 56 87 101 0
112 56 88 102 1
113 57 89 103 0
114 57 89 104 1
115 56 88 103 0
115 58 91 106 1
116 58 91 106 1
117 59 92 107 1
118 60 93 108 0
119 60 93 108 0
120 60 94 109 1
121 61 95 110 0
122 61 96 112 1
123 62 97 113 1
124 62 97 113 1
125 63 98 114 1
126 63 99 115 1
127 64 100 116 1
128 64 100 117 1
129 65 101 117 1
130 65 102 119 1
131 66 103 120 1
132 66 103 120 1
133 67 105 122 1
134 67 105 122 1
135 68 106 123 1
136 68 107 124 1
137 69 107 124 0
138 70 109 126 0
139 70 109 127 0
140 68 108 126 0
140 71 110 128 0
141 71 111 129 0
142 72 112 130 0
143 72 112 130 0
144 73 113 131 0
145 73 114 132 0
146 74 115 133 0
147 74 115 134 0
148 75 116 135 0
149 75 117 136 0
150 76 118 137 0
151 76 118 137 0
152 77 120 139 0
153 77 120 139 0
154 78 121 140 0
155 78 122 142 0
156 79 123 143 0
157 79 123 143 0
158 80 124 144 0
159 80 125 145 0
160 81 126 146 0
161 81 126 146 0
162 82 127 147 0
163 82 128 149 0
164 83 129 150 0
165 83 129 150 0
166 84 131 152 0
167 84 131 152 0
168 85 132 153 0
169 85 132 153 0
170 86 134 155 0
171 86 134 156 0
172 87 135 157 0
173 87 136 158 0
174 88 137 159 0
175 88 137 159 0
176 89 138 160 0
177 89 139 161 0
178 90 140 162 0
179 90 140 163 0
180 90 141 164 1
181 91 142 165 0
182 91 142 165 1
183 92 144 167 1
184 93 145 168 0
185 93 145 168 1
186 93 146 170 1
187 94 147 171 1
188 94 147 171 1
189 95 148 172 0
190 96 149 173 0
191 96 150 174 0
192 97 151 175 0
193 97 151 175 0
194 98 152 177 0
195 98 153 178 0
196 99 154 179 0
197 99 154 179 0
198 100 156 181 0
199 100 156 181 0
200 101 157 182 0
201 101 157 182 0
202 103 160 185 0
203 103 160 186 0
204 103 160 186 0
205 103 161 187 0
206 104 162 188 0
207 104 162 188 0
208 105 163 189 0
209 105 164 190 0
210 106 165 191 0
211 106 165 192 0
212 107 166 193 0
213 107 167 194 0
214 109 169 196 0
215 109 169 196 0
216 110 171 198 0
217 110 171 198 0
218 111 172 199 0
219 111 172 200 0
220 112 174 202 0
221 112 174 202 0
222 113 175 203 0
223 113 176 204 0
224 114 177 205 0
225 114 177 205 0
226 115 178 207 0
227 115 179 208 0
228 116 180 209 0
229 116 180 209 0
230 117 181 210 0
231 117 182 211 0
232 118 183 212 0
233 117 182 212 0
234 118 184 214 0
235 119 185 215 0
236 120 186 216 0
237 120 187 217 0
238 121 188 218 0
239 120 187 217 0
240 121 188 218 0
241 122 190 220 0
242 123 191 221 0
243 123 191 222 0
244 124 192 223 0
245 124 193 224 0
246 125 194 225 0
247 125 194 225 0
248 126 196 227 0
249 126 196 227 0
250 127 197 228 0
251 126 197 229 0
252 127 198 230 0
253 128 199 231 0
254 129 200 232 0
255 129 201 233 0
256 130 202 234 0
259 129 202 235 0
359 178 279 325 0
402 201 314 365 1
464 232 363 422 1
499 248 389 453 0
511 256 400 465 0
512 259 403 468 0
513 260 404 469 0
549 275 429 499 0
553 277 432 502 0
557 279 436 507 0
563 281 440 512 0
594 298 465 540 0
614 306 479 557 0
647 322 504 586 0
670 336 524 609 0
779 391 610 709 0
814 405 634 738 0
914 457 714 830 1
1023 515 802 931 0
1024 513 801 931 0
1025 513 801 931 0
1048 524 819 952 1
1103 552 862 1002 1
1115 556 870 1012 0
1149 573 896 1042 0
1163 582 909 1057 0
1174 588 918 1067 0
1203 603 941 1093 0
1315 658 1028 1195 0
1367 683 1067 1241 1
1369 683 1068 1242 0
1379 689 1077 1252 1
1385 693 1082 1258 0
1444 721 1127 1310 0
1450 726 1134 1318 0
1480 739 1156 1344 0
1560 778 1217 1415 0
1588 792 1239 1441 0
1674 835 1306 1519 0
1714 855 1337 1555 0
1827 913 1427 1659 1
1939 968 1513 1759 0
1995 998 1559 1812 0
2001 1000 1563 1817 0
2028 1012 1583 1841 0
2032 1014 1586 1844 0
2039 1018 1592 1851 0
2047 1024 1599 1859 0
2048 1025 1601 1861 0
2049 1025 1601 1861 0
2057 1029 1608 1869 1
2080 1041 1626 1890 0
2186 1095 1710 1987 0
2277 1139 1780 2069 1
2326 1162 1816 2111 0
2366 1182 1848 2149 0
2389 1195 1867 2170 1
2394 1199 1872 2176 0
2404 1202 1878 2183 1
2450 1224 1913 2224 0
2473 1235 1931 2245 0
2526 1262 1972 2293 0
2548 1275 1991 2314 0
2573 1287 2011 2338 1
2592 1296 2025 2354 1
2618 1309 2046 2379 1
2654 1327 2073 2410 1
2674 1338 2090 2429 0
2711 1356 2119 2463 1
2723 1360 2126 2472 0
2734 1365 2134 2481 0
2800 1402 2189 2544 0
2843 1420 2220 2581 0
2929 1463 2287 2659 0
2958 1479 2311 2687 1
2993 1497 2339 2719 0
2999 1500 2344 2725 1
3173 1588 2480 2883 0
3188 1594 2491 2896 1
3263 1630 2548 2962 0
3289 1645 2570 2988 1
3314 1657 2589 3010 1
3349 1675 2617 3042 0
3359 1678 2623 3050 0
3367 1682 2629 3057 0
3405 1703 2661 3093 1
3420 1710 2672 3106 1
3496 1748 2732 3176 1
3520 1761 2751 3198 0
3576 1786 2792 3246 0
3660 1830 2859 3324 1
3677 1837 2871 3338 0
3677 1839 2873 3340 0
3680 1841 2876 3343 0
3691 1846 2884 3353 0
3707 1854 2897 3368 1
3796 1898 2966 3448 1
3868 1936 3024 3515 0
3884 1944 3036 3529 0
3895 1947 3042 3537 1
3931 1965 3071 3570 1
3958 1978 3091 3593 0
3965 1982 3097 3600 1
4002 2001 3127 3635 1
4010 2004 3132 3641 0
4016 2007 3136 3646 0
4057 2030 3171 3686 0
4072 2035 3180 3697 0
4095 2048 3199 3719 0
4096 2049 3201 3721 0
4097 2049 3201 3721 0
4103 2051 3205 3726 0
4149 2073 3240 3767 0
4161 2079 3249 3777 0
4240 2121 3313 3851 0
4252 2127 3323 3863 0
4306 2154 3365 3911 0
4366 2181 3409 3963 0
4399 2199 3436 3994 1
4473 2236 3494 4062 0
4479 2240 3500 4069 1
4508 2255 3523 4095 0
4596 2298 3591 4174 1
4656 2328 3637 4228 1
4786 2391 3737 4345 0
4796 2398 3747 4356 1
4824 2413 3770 4382 0
4828 2415 3773 4386 0
4839 2420 3781 4395 1
4967 2485 3882 4512 0
4998 2499 3905 4539 1
5022 2509 3922 4560 0
5040 2518 3936 4576 0
5044 2522 3941 4581 1
5078 2538 3966 4611 0
5088 2546 3977 4623 0
5100 2551 3985 4632 0
5120 2560 4000 4650 1
5165 2581 4034 4690 0
5203 2602 4065 4726 0
5204 2603 4066 4727 0
5207 2604 4069 4730 1
5220 2610 4078 4741 1
5235 2616 4088 4753 0
5271 2634 4117 4786 0
5286 2642 4129 4800 0
5393 2695 4212 4897 0
5433 2718 4246 4936 0
5456 2727 4261 4954 0
5499 2748 4295 4993 0
5545 2771 4331 5035 0
5553 2776 4338 5043 0
5609 2805 4382 5094 0
5669 2835 4429 5149 0
5899 2950 4609 5358 0
5926 2963 4630 5382 1
5945 2973 4645 5400 0
5961 2979 4656 5413 0
6025 3013 4707 5472 0
6066 3033 4739 5509 1
6140 3071 4798 5577 0
6141 3071 4798 5578 1
6151 3074 4804 5585 0
6165 3081 4815 5598 0
6166 3083 4817 5600 1
6187 3094 4834 5619 0
6188 3095 4835 5620 0
6198 3098 4841 5628 0
6215 3109 4857 5646 0
6304 3152 4925 5726 1
6408 3203 5005 5818 0
6420 3208 5014 5829 0
6453 3225 5040 5859 0
6454 3227 5042 5861 1
6513 3255 5087 5914 0
6520 3259 5093 5921 0
6568 3285 5132 5966 0
6629 3313 5178 6020 0
6640 3319 5186 6029 0
6653 3325 5196 6041 0
6709 3356 5243 6095 0
6744 3374 5271 6127 0
6762 3382 5284 6142 0
6864 3433 5363 6234 0
6904 3451 5393 6270 0
6970 3484 5445 6330 0
6975 3486 5448 6334 0
6977 3489 5451 6337 0
7020 3509 5484 6375 0
7049 3525 5508 6403 1
7151 3574 5585 6493 0
7181 3591 5611 6523 1
7247 3622 5660 6580 0
7264 3633 5676 6598 0
7392 3697 5776 6714 0
7442 3719 5812 6757 0
7456 3728 5825 6772 1
7537 3768 5888 6845 0
7589 3796 5930 6893 0
7593 3797 5932 6896 0
7608 3805 5945 6911 0
7633 3817 5964 6933 0
7788 3892 6083 7072 0
7848 3924 6132 7129 1
7859 3930 6140 7138 0
7876 3937 6152 7152 0
8067 4032 6301 7325 0
8087 4044 6318 7345 0
8089 4043 6318 7345 0
8093 4045 6321 7348 0
8179 4090 6391 7429 1
8191 4096 6399 7439 0
8192 4096 6400 7440 1
8193 4096 6400 7440 1
8208 4104 6412 7454 1
8236 4119 6435 7480 0
8479 4240 6625 7701 0
8514 4256 6651 7732 0
8523 4264 6661 7743 0
8609 4304 6725 7818 1
8632 4315 6743 7839 0
8679 4340 6781 7883 0
8684 4343 6785 7887 0
8779 4388 6857 7972 0
8801 4401 6876 7993 0
8837 4417 6902 8024 0
8909 4456 6962 8093 0
8917 4457 6965 8097 0
9039 4520 7062 8209 0
9052 4527 7073 8222 0
9160 4580 7156 8319 1
9379 4690 7328 8519 1
9380 4690 7328 8519 1
9421 4709 7359 8555 0
9422 4711 7361 8557 1
9434 4718 7371 8568 0
9448 4723 7380 8579 0
9452 4726 7385 8585 1
9456 4726 7386 8587 0
9486 4742 7410 8615 0
9510 4755 7430 8637 1
9744 4873 7613 8850 0
9776 4888 7638 8879 1
9793 4897 7651 8894 1
9934 4965 7759 9020 0
9938 4969 7764 9026 1
10010 5004 7819 9090 0
10038 5019 7842 9117 1
10082 5039 7875 9155 0
10175 5086 7948 9240 0
10178 5088 7951 9243 0
10240 5119 7999 9299 0
10257 5127 8012 9314 0
10313 5155 8056 9365 0
10317 5157 8059 9369 0
10328 5165 8069 9380 0
10352 5178 8089 9403 0
10371 5184 8101 9418 0
10462 5232 8174 9502 0
10536 5267 8230 9568 0
10724 5364 8380 9741 0
10857 5427 8481 9859 0
10906 5454 8521 9905 0
10923 5460 8532 9919 0
10933 5465 8540 9928 0
10973 5486 8572 9965 1
11007 5502 8598 9996 0
11007 5504 8600 9997 0
11142 5569 8703 10118 0
11158 5579 8717 10134 1
11183 5591 8736 10156 1
11199 5599 8749 10171 1
11211 5605 8758 10181 1
11265 5633 8801 10231 0
11350 5675 8867 10308 1
11425 5711 8924 10375 0
11514 5755 8993 10455 0
11515 5758 8996 10458 0
11597 5798 9060 10532 1
11606 5802 9066 10539 0
11620 5810 9078 10553 1
11700 5852 9142 10627 0
11770 5886 9196 10690 0
11793 5897 9214 10711 0
11844 5922 9253 10757 1
11855 5927 9261 10766 0
11877 5940 9280 10788 0
11896 5947 9293 10803 0
11944 5972 9331 10847 1
11957 5979 9342 10860 0
11958 5978 9341 10859 0
11965 5983 9348 10867 0
12045 6023 9411 10940 1
12057 6029 9420 10951 0
12160 6079 9499 11043 0
12186 6093 9521 11068 1
12203 6101 9533 11082 1
12225 6111 9549 11101 0
12285 6144 9599 11158 0
12302 6152 9612 11174 0
12324 6161 9627 11192 0
12362 6182 9659 11228 0
12370 6185 9664 11234 1
12529 6263 9787 11378 0
12577 6287 9824 11421 0
12591 6296 9837 11435 0
12593 6295 9837 11436 0
12643 6320 9876 11481 0
12689 6343 9912 11523 0
12693 6347 9917 11528 1
12693 6348 9918 11529 0
12703 6350 9923 11536 0
12706 6352 9926 11539 0
12877 6437 10059 11694 0
12892 6445 10071 11708 0
12900 6448 10076 11714 0
12976 6489 10138 11785 0
12994 6496 10151 11801 0
13079 6540 10218 11878 0
13112 6555 10243 11908 0
13119 6558 10248 11914 0
13174 6587 10292 11965 1
13222 6611 10330 12009 1
13256 6627 10356 12039 0
13256 6628 10357 12040 1
13277 6637 10371 12057 0
13289 6645 10383 12070 1
13448 6725 10507 12214 0
13459 6731 10516 12224 0
13474 6736 10526 12237 0
13522 6760 10563 12280 0
13550 6775 10586 12306 1
13586 6794 10615 12340 0
13607 6802 10629 12357 0
13618 6808 10638 12367 0
13630 6815 10649 12379 1
13646 6823 10661 12393 1
13660 6829 10671 12405 0
13770 6884 10757 12505 0
13791 6896 10775 12526 0
13827 6913 10802 12557 1
13828 6912 10801 12557 0
13829 6914 10803 12559 1
13836 6919 10810 12566 0
13936 6967 10886 12655 0
13949 6973 10896 12667 0
13967 6982 10910 12683 0
13983 6990 10923 12698 0
14002 7000 10938 12716 0
14003 7002 10941 12719 1
14083 7042 11003 12791 0
14084 7040 11001 12789 0
14126 7064 11037 12830 0
14197 7099 11092 12894 0
14233 7117 11120 12927 1
14284 7142 11160 12974 1
14292 7145 11165 12980 0
14299 7150 11172 12987 1
14393 7195 11243 13070 0
14434 7216 11276 13109 0
14673 7335 11462 13325 0
14749 7376 11524 13396 0
14756 7378 11528 13402 1
14847 7424 11600 13485 1
14971 7484 11695 13596 0
14986 7491 11706 13609 0
15038 7517 11747 13656 0
15079 7540 11781 13695 0
15086 7541 11784 13699 0
15160 7581 11845 13769 0
15187 7592 11863 13791 0
15225 7612 11894 13827 1
15427 7714 12053 14011 0
15489 7746 12102 14068 0
15514 7755 12118 14088 0
15676 7838 12247 14237 1
15733 7865 12290 14287 0
15742 7870 12297 14296 0
15921 7961 12439 14460 0
15947 7972 12457 14482 0
16013 8005 12509 14542 0
16030 8015 12523 14558 1
16039 8019 12530 14566 1
16120 8059 12593 14640 0
16139 8070 12609 14658 0
16181 8092 12643 14697 0
16192 8097 12651 14706 0
16215 8106 12667 14726 0
16257 8129 12701 14765 1
16260 8128 12701 14766 0
16278 8138 12716 14783 0
16375 8189 12794 14873 0
16383 8191 12799 14879 1
16384 8191 12799 14879 0
16384 8192 12800 14880 1
16385 8191 12799 14879 0
16448 8225 12851 14939 0
16459 8230 12859 14949 1
16460 8231 12860 14949 0
16470 8236 12868 14959 0
16486 8245 12881 14974 0
16576 8288 12950 15055 1
16632 8315 12993 15104 0
16733 8367 13073 15197 1
16782 8392 13112 15242 0
16806 8401 13128 15262 0
16841 8421 13157 15295 0
16866 8432 13176 15317 0
16939 8469 13233 15384 0
16993 8497 13276 15433 0
17018 8510 13296 15456 0
17047 8523 13318 15482 0
17087 8542 13348 15517 0
17162 8582 13409 15588 0
17196 8596 13433 15616 0
17241 8619 13468 15657 0
17269 8635 13492 15684 1
17292 8645 13508 15703 0
17363 8682 13565 15769 0
17424 8711 13611 15823 0
17551 8776 13712 15940 0
17553 8777 13714 15942 1
17630 8815 13774 16012 1
17648 8825 13788 16028 0
17684 8841 13815 16060 0
17777 8890 13890 16147 0
17804 8901 13908 16168 0
17849 8923 13943 16209 0
17915 8956 13995 16269 0
18141 9069 14171 16474 0
18200 9100 14219 16530 1
18333 9167 14323 16650 0
18352 9175 14336 16666 0
18373 9185 14353 16686 0
18414 9207 14386 16724 1
18463 9232 14425 16769 0
18625 9311 14549 16914 0
18661 9331 14579 16948 0
18699 9348 14607 16981 0
18706 9353 14614 16989 1
18710 9356 14618 16993 0
18740 9370 14641 17020 1
18810 9404 14695 17083 0
18908 9453 14771 17171 0
18913 9458 14777 17178 0
18947 9474 14803 17208 0
18963 9482 14815 17222 0
18994 9496 14838 17250 0
19042 9521 14877 17295 1
19062 9533 14894 17314 0
19192 9595 14993 17430 0
19208 9605 15007 17445 0
19260 9629 15046 17491 0
19301 9651 15080 17530 1
19311 9654 15085 17537 0
19343 9672 15112 17567 0
19531 9766 15259 17738 0
19663 9832 15362 17858 0
19695 9846 15385 17886 0
19715 9858 15403 17906 1
19765 9882 15441 17950 1
19780 9888 15451 17962 0
19832 9917 15495 18013 0
19844 9921 15502 18021 0
19854 9927 15511 18032 1
19861 9931 15517 18038 1
19872 9937 15526 18049 0
19899 9950 15547 18073 0
19906 9953 15552 18079 1
19913 9957 15557 18085 0
19968 9984 15600 18135 1
19993 9996 15619 18157 1
20091 10045 15696 18247 1
20093 10045 15696 18247 0
20094 10048 15699 18250 0
20111 10056 15712 18265 1
20136 10070 15733 18289 0
20196 10098 15778 18342 1
20206 10101 15784 18349 0
20222 10111 15799 18366 1
20274 10138 15840 18414 0
20335 10168 15887 18469 1
20399 10199 15936 18526 1
20434 10219 15966 18560 0
20475 10237 15996 18596 0
20478 10238 15997 18597 0
20490 10246 16009 18610 0
20621 10310 16110 18728 0
20650 10326 16134 18755 0
20698 10348 16169 18797 0
20721 10360 16188 18819 0
20777 10389 16232 18869 0
20814 10407 16261 18903 1
20846 10423 16286 18933 1
21002 10500 16407 19073 0
21014 10509 16419 19086 0
21016 10509 16420 19088 0
21043 10522 16441 19113 1
21079 10540 16468 19144 0
21129 10563 16506 19189 0
21137 10570 16515 19198 0
21145 10572 16519 19204 0
21164 10583 16535 19222 0
21165 10583 16536 19223 0
21234 10617 16589 19285 1
21257 10629 16607 19306 0
21273 10637 16620 19321 0
21295 10646 16635 19339 0
21348 10673 16677 19387 0
21499 10748 16795 19524 0
21563 10781 16846 19584 1
21668 10835 16929 19680 0
21732 10865 16977 19736 0
21744 10873 16988 19748 0
21802 10900 17032 19800 0
21803 10902 17034 19802 0
21808 10905 17038 19807 0
21961 10980 17157 19945 0
22205 11101 17346 20165 0
22268 11133 17396 20223 0
22408 11206 17508 20353 0
22434 11216 17526 20374 0
22463 11230 17548 20400 0
22529 11265 17601 20461 0
22544 11272 17612 20474 1
22559 11278 17623 20487 0
22579 11290 17640 20507 0
22705 11353 17739 20621 1
22911 11454 17898 20807 0
22917 11458 17904 20814 0
22919 11458 17904 20814 0
22936 11470 17921 20833 0
22944 11471 17924 20837 0
22973 11487 17948 20864 0
23054 11528 18012 20939 0
23059 11528 18013 20941 0
23062 11531 18017 20945 1
23125 11562 18066 21002 1
23159 11578 18092 21032 0
23188 11595 18116 21060 0
23284 11644 18192 21148 0
23289 11643 18193 21150 0
23368 11682 18254 21221 0
23386 11693 18271 21240 1
23428 11714 18303 21277 1
23445 11721 18315 21292 0
23776 11888 18575 21593 1
23817 11907 18606 21630 0
23883 11941 18658 21690 1
23923 11960 18689 21726 0
24057 12027 18793 21847 0
24095 12046 18823 21882 0
24264 12131 18955 22035 0
24301 12150 18985 22070 0
24314 12159 18997 22083 0
24439 12220 19094 22197 1
24498 12248 19138 22248 0
24585 12293 19207 22328 0
24661 12329 19265 22396 0
24714 12356 19307 22445 0
24718 12357 19309 22447 0
24780 12389 19359 22505 0
24839 12418 19404 22558 0
25014 12505 19540 22716 0
25020 12511 19548 22724 0
25054 12529 19575 22755 0
25150 12576 19649 22842 0
25232 12615 19712 22916 0
25280 12641 19751 22960 0
25339 12669 19796 23013 1
25387 12692 19832 23055 0
25395 12697 19839 23063 1
25586 12793 19989 23237 1
25591 12795 19992 23241 1
25600 12799 19999 23249 0
25645 12822 20035 23291 1
25648 12822 20036 23292 0
25660 12828 20045 23303 0
25677 12840 20061 23321 0
25704 12851 20081 23344 0
25755 12878 20122 23392 1
25826 12912 20176 23455 0
26011 13004 20320 23622 0
26020 13011 20329 23632 0
26106 13054 20396 23710 0
26135 13068 20418 23736 0
26177 13089 20451 23774 0
26242 13122 20502 23833 0
26276 13138 20528 23864 1
26341 13170 20578 23922 1
26407 13202 20629 23982 0
26503 13250 20704 24069 0
26504 13252 20706 24071 1
26610 13306 20790 24168 0
26631 13315 20805 24186 0
26650 13324 20819 24202 0
26670 13333 20834 24220 0
26728 13362 20879 24272 0
26742 13374 20895 24290 0
26756 13376 20901 24298 0
26765 13384 20911 24309 0
26775 13388 20918 24317 0
26838 13421 20969 24376 0
26850 13423 20975 24384 0
26869 13435 20992 24403 1
26921 13459 21031 24449 0
26922 13463 21035 24453 0
26981 13490 21079 24504 0
26986 13491 21081 24507 0
27049 13523 21131 24565 0
27141 13569 21203 24649 0
27155 13578 21215 24662 0
27193 13595 21243 24695 0
27254 13626 21291 24751 0
27300 13654 21332 24797 0
27420 13709 21421 24902 0
27444 13723 21441 24925 0
27461 13729 21453 24939 0
27511 13754 21492 24985 0
27567 13784 21537 25037 1
27591 13796 21556 25059 1
27608 13804 21569 25074 1
27649 13825 21601 25111 0
27844 13921 21752 25287 0
27863 13931 21767 25304 1
27874 13938 21777 25316 0
27880 13940 21782 25322 1
27911 13954 21804 25348 0
27966 13982 21847 25397 0
27973 13987 21854 25405 0
28056 14029 21920 25482 0
28084 14043 21941 25506 0
28112 14057 21963 25532 0
28141 14069 21984 25557 0
28185 14093 22020 25598 1
28202 14101 22033 25613 1
28223 14112 22050 25633 1
28333 14167 22136 25733 0
28335 14168 22137 25734 0
28374 14187 22167 25769 1
28409 14203 22193 25800 0
28417 14210 22202 25809 0
28471 14234 22242 25857 0
28601 14301 22345 25976 1
28697 14350 22421 26064 0
28720 14359 22436 26082 0
28766 14382 22472 26124 0
28772 14387 22479 26131 0
28789 14395 22492 26147 0
28812 14405 22508 26166 0
28883 14442 22566 26233 1
28893 14447 22573 26241 0
28952 14475 22618 26294 0
28954 14475 22618 26294 0
28973 14488 22637 26315 0
29061 14529 22702 26392 0
29081 14541 22720 26412 0
29095 14546 22729 26423 0
29159 14578 22779 26481 0
29240 14622 22846 26558 0
29251 14626 22853 26566 0
29256 14629 22857 26571 0
29271 14634 22867 26583 0
29284 14640 22876 26594 0
29379 14690 22953 26683 1
29386 14694 22959 26689 0
29435 14718 22997 26734 1
29440 14720 23000 26737 1
29551 14775 23086 26838 1
29576 14786 23104 26859 0
29589 14793 23115 26872 0
29732 14865 23227 27002 0
29768 14886 23258 27037 0
29807 14902 23285 27069 0
29852 14925 23321 27111 0
29853 14925 23321 27111 0
29933 14967 23385 27185 0
29935 14966 23385 27186 0
29991 14994 23429 27237 0
30004 15002 23441 27250 1
30008 15003 23443 27253 0
30042 15021 23470 27284 1
30054 15027 23480 27295 1
30055 15028 23481 27297 1
30142 15071 23549 27376 1
30165 15083 23567 27397 1
30184 15091 23580 27412 0
30190 15096 23587 27420 0
30298 15149 23671 27518 1
30301 15151 23673 27520 0
30360 15180 23719 27573 1
30517 15260 23843 27717 0
30543 15270 23860 27738 0
30661 15330 23953 27846 1
30674 15336 23963 27857 0
30675 15337 23965 27859 0
30760 15379 24030 27935 0
30790 15393 24053 27962 0
30807 15404 24068 27979 0
30847 15424 24100 28016 1
30862 15432 24112 28030 0
30890 15446 24134 28055 0
30978 15489 24202 28135 1
31004 15501 24221 28157 0
31053 15527 24261 28203 0
31196 15598 24372 28333 1
31230 15617 24400 28364 0
31281 15639 24437 28408 0
31319 15660 24468 28444 0
31374 15685 24509 28492 0
31393 15695 24524 28510 0
31399 15698 24529 28515 0
31401 15700 24532 28519 1
31468 15736 24586 28581 0
31470 15736 24587 28582 0
31542 15768 24639 28644 0
31566 15782 24660 28668 0
31589 15795 24680 28690 1
31605 15801 24690 28703 0
31652 15824 24726 28745 0
31666 15833 24739 28759 1
31697 15848 24763 28787 0
31729 15863 24787 28815 0
31760 15880 24812 28844 1
31829 15914 24866 28907 1
31845 15923 24880 28923 1
31861 15932 24893 28938 0
31904 15950 24923 28973 0
31924 15960 24939 28992 0
31966 15983 24974 29032 1
32018 16007 25012 29077 0
32116 16058 25091 29168 1
32132 16064 25101 29181 0
32148 16074 25116 29197 1
32293 16147 25230 29330 1
32304 16151 25236 29337 0
32342 16173 25269 29375 0
32425 16211 25331 29448 0
32452 16225 25352 29472 0
32471 16236 25368 29490 0
32497 16249 25389 29514 0
32522 16260 25407 29536 0
32594 16295 25462 29600 0
32604 16303 25473 29612 0
32635 16318 25497 29640 0
32669 16335 25523 29670 0
32692 16344 25539 29690 0
32767 16382 25598 29758 0
