-32768 -45370 -54575 -48591 0
-32766 -45365 -54571 -48588 0
-32739 -45331 -54528 -48549 0
-32728 -45314 -54508 -48531 0
-32724 -45309 -54502 -48526 0
-32709 -45287 -54476 -48503 0
-32701 -45277 -54464 -48492 0
-32654 -45211 -54385 -48422 0
-32623 -45168 -54333 -48376 0
-32596 -45132 -54289 -48336 0
-32570 -45095 -54245 -48297 0
-32521 -45026 -54162 -48223 0
-32504 -45004 -54135 -48199 0
-32493 -44988 -54117 -48183 0
-32464 -44947 -54068 -48140 0
-32407 -44869 -53974 -48056 0
-32400 -44859 -53962 -48045 0
-32339 -44774 -53860 -47955 0
-32327 -44758 -53840 -47937 0
-32322 -44751 -53832 -47929 0
-32307 -44730 -53807 -47907 0
-32187 -44564 -53606 -47728 0
-32171 -44544 -53582 -47707 0
-32168 -44539 -53576 -47701 0
-32110 -44458 -53479 -47615 0
-32072 -44405 -53415 -47558 0
-32068 -44400 -53409 -47553 0
-32063 -44394 -53401 -47545 0
-32031 -44349 -53347 -47497 0
-32001 -44306 -53297 -47454 0
-31947 -44233 -53208 -47374 0
-31913 -44185 -53151 -47323 0
-31907 -44178 -53141 -47314 0
-31906 -44175 -53139 -47312 0
-31849 -44097 -53045 -47229 0
-31737 -43942 -52858 -47062 0
-31703 -43895 -52801 -47012 0
-31651 -43822 -52714 -46934 0
-31648 -43819 -52710 -46931 0
-31643 -43812 -52701 -46922 0
-31553 -43687 -52551 -46789 0
-31503 -43618 -52468 -46715 0
-31440 -43530 -52363 -46621 0
-31405 -43483 -52305 -46570 0
-31390 -43460 -52279 -46547 0
-31377 -43444 -52258 -46528 0
-31330 -43380 -52181 -46459 0
-31268 -43292 -52077 -46367 0
-31236 -43248 -52023 -46319 0
-31134 -43107 -51854 -46168 1
-31088 -43044 -51778 -46101 0
-31083 -43035 -51768 -46092 0
-31064 -43010 -51737 -46064 0
-31022 -42951 -51666 -46001 0
-30953 -42856 -51552 -45900 0
-30906 -42791 -51474 -45830 0
-30845 -42707 -51372 -45739 0
-30827 -42681 -51342 -45712 0
-30798 -42642 -51294 -45669 0
-30783 -42621 -51269 -45648 0
-30770 -42603 -51247 -45628 0
-30668 -42462 -51078 -45477 0
-30656 -42447 -51059 -45460 0
-30639 -42421 -51029 -45434 0
-30631 -42410 -51016 -45422 0
-30621 -42397 -50999 -45407 0
-30596 -42362 -50957 -45369 0
-30577 -42335 -50926 -45342 0
-30488 -42212 -50777 -45209 0
-30454 -42165 -50721 -45160 0
-30395 -42083 -50622 -45071 0
-30373 -42052 -50585 -45039 0
-30244 -41874 -50371 -44848 0
-30226 -41850 -50341 -44821 0
-30215 -41835 -50323 -44805 0
-30100 -41676 -50132 -44635 0
-30091 -41662 -50116 -44621 0
-29945 -41461 -49874 -44405 0
-29891 -41386 -49783 -44324 0
-29802 -41263 -49635 -44193 0
-29800 -41260 -49632 -44190 0
-29765 -41211 -49573 -44138 0
-29746 -41184 -49541 -44109 0
-29582 -40957 -49268 -43866 0
-29564 -40932 -49238 -43839 0
-29536 -40894 -49192 -43798 0
-29453 -40780 -49054 -43675 0
-29445 -40769 -49041 -43664 0
-29281 -40540 -48767 -43420 0
-29256 -40507 -48726 -43383 0
-29157 -40369 -48560 -43235 0
-29119 -40317 -48497 -43179 0
-29027 -40189 -48344 -43043 0
-29018 -40178 -48330 -43030 0
-28978 -40122 -48263 -42971 0
-28884 -39992 -48106 -42831 0
-28823 -39909 -48006 -42742 0
-28823 -39906 -48004 -42740 0
-28728 -39775 -47846 -42600 0
-28660 -39681 -47733 -42499 0
-28621 -39628 -47668 -42441 0
-28580 -39570 -47599 -42380 0
-28577 -39566 -47595 -42376 0
-28536 -39510 -47527 -42315 0
-28418 -39347 -47330 -42140 0
-28367 -39278 -47247 -42066 0
-28249 -39111 -47048 -41889 0
-28240 -39099 -47033 -41876 0
-28171 -39005 -46919 -41774 0
-28170 -39002 -46916 -41772 0
-28135 -38955 -46859 -41721 0
-28102 -38908 -46803 -41671 0
-28052 -38840 -46721 -41598 0
-28042 -38826 -46704 -41583 0
-27991 -38756 -46619 -41507 0
-27943 -38688 -46539 -41436 0
-27780 -38463 -46267 -41194 0
-27771 -38451 -46253 -41181 0
-27756 -38429 -46227 -41159 0
-27751 -38422 -46219 -41151 0
-27750 -38421 -46217 -41149 0
-27693 -38343 -46123 -41066 0
-27630 -38256 -46018 -40972 0
-27491 -38063 -45786 -40766 1
-27491 -38062 -45785 -40765 0
-27478 -38044 -45764 -40746 0
-27452 -38008 -45720 -40707 0
-27421 -37965 -45669 -40661 0
-27364 -37887 -45574 -40577 0
-27317 -37822 -45496 -40507 0
-27299 -37798 -45467 -40481 0
-27289 -37782 -45449 -40466 0
-27218 -37684 -45331 -40361 0
-27199 -37660 -45301 -40334 0
-27150 -37590 -45218 -40260 0
-27141 -37578 -45203 -40247 0
-27118 -37547 -45165 -40213 0
-27035 -37432 -45027 -40090 0
-26993 -37374 -44957 -40028 0
-26960 -37327 -44901 -39978 0
-26948 -37310 -44881 -39960 0
-26827 -37144 -44680 -39781 0
-26827 -37143 -44680 -39781 0
-26791 -37093 -44620 -39728 0
-26727 -37004 -44513 -39632 0
-26720 -36996 -44502 -39622 0
-26651 -36900 -44387 -39520 0
-26647 -36895 -44381 -39514 0
-26645 -36891 -44377 -39511 1
-26548 -36756 -44215 -39367 0
-26512 -36706 -44155 -39314 0
-26431 -36595 -44020 -39193 0
-26398 -36549 -43966 -39146 0
-26374 -36516 -43926 -39109 0
-26287 -36396 -43781 -38980 0
-26286 -36394 -43779 -38979 0
-26218 -36301 -43666 -38878 0
-26210 -36290 -43653 -38866 0
-26184 -36254 -43609 -38827 0
-26150 -36206 -43553 -38778 0
-26118 -36162 -43499 -38729 0
-25982 -35974 -43273 -38528 0
-25969 -35957 -43253 -38510 0
-25889 -35844 -43117 -38389 0
-25787 -35704 -42948 -38239 0
-25771 -35682 -42922 -38216 0
-25697 -35578 -42798 -38105 0
-25642 -35503 -42707 -38024 0
-25608 -35454 -42649 -37973 0
-25231 -34934 -42022 -37414 0
-25218 -34915 -42000 -37395 1
-25196 -34885 -41964 -37363 0
-25016 -34635 -41663 -37095 0
-25010 -34628 -41654 -37086 0
-25006 -34621 -41647 -37081 0
-24977 -34583 -41599 -37037 0
-24945 -34538 -41546 -36991 0
-24942 -34534 -41541 -36986 0
-24908 -34487 -41484 -36935 0
-24881 -34450 -41439 -36895 0
-24800 -34336 -41303 -36775 0
-24785 -34316 -41279 -36753 0
-24766 -34288 -41246 -36724 0
-24742 -34257 -41208 -36690 0
-24737 -34250 -41199 -36681 0
-24729 -34239 -41186 -36670 0
-24682 -34174 -41108 -36601 0
-24663 -34147 -41076 -36572 1
-24619 -34087 -41003 -36507 0
-24560 -34005 -40905 -36420 1
-24554 -33997 -40895 -36411 0
-24551 -33993 -40890 -36406 0
-24535 -33972 -40864 -36383 0
-24500 -33922 -40804 -36330 0
-24498 -33920 -40802 -36328 0
-24443 -33843 -40710 -36246 0
-24377 -33751 -40599 -36148 0
-24261 -33590 -40406 -35976 0
-24248 -33572 -40384 -35956 0
-24209 -33519 -40320 -35899 0
-24182 -33481 -40275 -35859 0
-24166 -33460 -40249 -35835 0
-24162 -33454 -40242 -35830 0
-24123 -33400 -40176 -35771 0
-24028 -33268 -40018 -35630 0
-23954 -33165 -39894 -35520 1
-23941 -33148 -39874 -35502 0
-23921 -33119 -39840 -35472 0
-23889 -33075 -39786 -35424 0
-23875 -33057 -39764 -35404 0
-23834 -32999 -39695 -35343 0
-23827 -32990 -39684 -35332 0
-23823 -32984 -39677 -35327 0
-23779 -32923 -39604 -35262 0
-23754 -32888 -39562 -35224 0
-23751 -32884 -39556 -35219 0
-23735 -32863 -39531 -35196 0
-23717 -32837 -39500 -35169 0
-23660 -32758 -39405 -35085 0
-23653 -32748 -39393 -35074 0
-23606 -32684 -39316 -35005 0
-23599 -32675 -39305 -34995 0
-23583 -32651 -39277 -34970 0
-23559 -32618 -39237 -34935 0
-23548 -32603 -39219 -34919 0
-23512 -32554 -39159 -34865 0
-23403 -32403 -38977 -34703 0
-23329 -32302 -38855 -34595 0
-23201 -32124 -38642 -34405 0
-23187 -32104 -38618 -34383 0
-23136 -32034 -38533 -34307 0
-23117 -32007 -38501 -34279 0
-23109 -31996 -38488 -34268 0
-23082 -31959 -38443 -34227 0
-23078 -31952 -38436 -34222 0
-23063 -31931 -38410 -34199 0
-22952 -31779 -38227 -34035 0
-22897 -31701 -38134 -33953 0
-22884 -31686 -38115 -33936 0
-22848 -31635 -38054 -33881 0
-22841 -31625 -38042 -33871 0
-22826 -31604 -38016 -33847 0
-22780 -31540 -37940 -33780 0
-22774 -31531 -37930 -33771 0
-22662 -31376 -37743 -33605 0
-22567 -31245 -37585 -33464 1
-22557 -31232 -37569 -33450 0
-22524 -31186 -37514 -33400 0
-22519 -31181 -37507 -33394 0
-22513 -31172 -37496 -33384 0
-22457 -31092 -37401 -33300 0
-22414 -31034 -37331 -33238 0
-22324 -30908 -37180 -33103 0
-22282 -30851 -37111 -33041 1
-22238 -30789 -37037 -32976 0
-22232 -30781 -37027 -32967 0
-22192 -30727 -36961 -32908 0
-22039 -30515 -36706 -32681 0
-22037 -30512 -36703 -32678 0
-22017 -30484 -36669 -32649 0
-21957 -30400 -36569 -32559 0
-21940 -30376 -36540 -32534 0
-21925 -30356 -36516 -32512 0
-21923 -30354 -36513 -32509 0
-21834 -30231 -36365 -32377 0
-21826 -30219 -36351 -32365 1
-21736 -30094 -36201 -32232 0
-21659 -29987 -36072 -32117 0
-21571 -29866 -35926 -31987 0
-21501 -29768 -35809 -31883 0
-21434 -29676 -35698 -31784 0
-21400 -29629 -35641 -31733 0
-21353 -29564 -35563 -31664 0
-21327 -29528 -35520 -31625 0
-21265 -29443 -35417 -31533 0
-21198 -29351 -35306 -31434 0
-21172 -29314 -35262 -31395 0
-21154 -29289 -35232 -31369 0
-21142 -29271 -35211 -31350 0
-21082 -29190 -35112 -31262 0
-21080 -29187 -35109 -31259 0
-21072 -29176 -35095 -31247 0
-21057 -29155 -35070 -31224 0
-21015 -29097 -35001 -31163 0
-20986 -29056 -34952 -31120 0
-20978 -29044 -34938 -31107 0
-20936 -28986 -34868 -31045 0
-20883 -28913 -34780 -30966 0
-20882 -28912 -34779 -30965 0
-20863 -28887 -34748 -30938 0
-20841 -28856 -34711 -30905 1
-20828 -28837 -34689 -30885 0
-20814 -28818 -34666 -30865 0
-20796 -28793 -34635 -30838 0
-20718 -28684 -34505 -30722 0
-20563 -28470 -34247 -30492 0
-20552 -28456 -34229 -30476 0
-20504 -28388 -34148 -30404 0
-20503 -28387 -34147 -30403 0
-20369 -28204 -33926 -30206 0
-20369 -28203 -33925 -30205 0
-20344 -28167 -33883 -30168 0
-20306 -28115 -33820 -30112 0
-20224 -28002 -33683 -29990 0
-20204 -27973 -33649 -29960 0
-20159 -27911 -33575 -29894 0
-20106 -27837 -33486 -29815 0
-20105 -27837 -33485 -29813 0
-20078 -27799 -33440 -29773 0
-20040 -27746 -33376 -29717 0
-20029 -27732 -33359 -29701 0
-20020 -27719 -33343 -29687 0
-19968 -27647 -33256 -29610 0
-19936 -27602 -33203 -29562 0
-19795 -27408 -32969 -29354 0
-19785 -27393 -32952 -29339 0
-19782 -27389 -32946 -29333 0
-19728 -27315 -32857 -29254 0
-19718 -27300 -32840 -29239 0
-19658 -27218 -32740 -29150 0
-19598 -27135 -32641 -29062 0
-19570 -27095 -32593 -29019 0
-19525 -27033 -32518 -28953 0
-19515 -27019 -32502 -28938 0
-19467 -26953 -32422 -28867 0
-19423 -26891 -32348 -28801 0
-19386 -26841 -32287 -28747 0
-19272 -26683 -32097 -28577 0
-19251 -26655 -32063 -28547 0
-19146 -26507 -31886 -28390 0
-19115 -26465 -31835 -28345 0
-19026 -26342 -31687 -28213 0
-18993 -26296 -31632 -28164 0
-18973 -26270 -31600 -28135 0
-18951 -26239 -31563 -28102 0
-18947 -26234 -31556 -28096 0
-18902 -26169 -31480 -28029 0
-18899 -26168 -31477 -28025 0
-18886 -26147 -31453 -28005 0
-18788 -26014 -31292 -27861 0
-18731 -25933 -31196 -27775 0
-18730 -25932 -31194 -27774 0
-18706 -25899 -31154 -27738 1
-18578 -25722 -30941 -27548 0
-18570 -25712 -30929 -27538 0
-18565 -25704 -30920 -27530 0
-18492 -25603 -30799 -27422 0
-18464 -25565 -30752 -27380 0
-18336 -25388 -30539 -27190 0
-18168 -25155 -30259 -26941 0
-18115 -25082 -30171 -26863 0
-18088 -25043 -30125 -26822 0
-18044 -24983 -30052 -26757 0
-18001 -24923 -29980 -26693 0
-17948 -24850 -29892 -26615 0
-17897 -24780 -29807 -26539 0
-17863 -24733 -29751 -26489 0
-17769 -24601 -29593 -26348 0
-17753 -24580 -29567 -26325 0
-17658 -24449 -29409 -26184 0
-17584 -24345 -29285 -26074 0
-17560 -24312 -29245 -26038 0
-17546 -24294 -29223 -26019 0
-17432 -24135 -29033 -25850 0
-17317 -23977 -28842 -25679 0
-17252 -23886 -28733 -25582 0
-17188 -23799 -28627 -25488 0
-17154 -23751 -28570 -25437 0
-17111 -23692 -28499 -25374 0
-17090 -23661 -28463 -25342 0
-17059 -23619 -28412 -25297 0
-16998 -23535 -28310 -25206 0
-16931 -23441 -28198 -25106 0
-16927 -23436 -28192 -25101 0
-16912 -23415 -28166 -25078 0
-16905 -23405 -28155 -25068 0
-16812 -23277 -28000 -24930 0
-16578 -22954 -27611 -24583 0
-16565 -22934 -27588 -24563 0
-16514 -22866 -27505 -24489 0
-16511 -22860 -27499 -24484 0
-16385 -22686 -27289 -24297 0
-16384 -22685 -27287 -24295 0
-16383 -22684 -27286 -24294 0
-16333 -22613 -27202 -24220 0
-16326 -22605 -27191 -24209 0
-16324 -22601 -27187 -24206 0
-16206 -22438 -26991 -24032 0
-16082 -22266 -26784 -23847 0
-15799 -21875 -26313 -23428 0
-15788 -21860 -26295 -23412 0
-15764 -21827 -26255 -23376 0
-15749 -21806 -26230 -23354 0
-15737 -21789 -26210 -23336 0
-15723 -21768 -26186 -23315 0
-15718 -21763 -26179 -23308 0
-15576 -21565 -25941 -23097 0
-15529 -21500 -25863 -23027 0
-15495 -21452 -25806 -22977 0
-15464 -21413 -25757 -22933 0
-15461 -21406 -25750 -22927 0
-15274 -21146 -25438 -22649 0
-15220 -21072 -25348 -22569 0
-15208 -21057 -25329 -22552 0
-14942 -20687 -24885 -22156 0
-14900 -20629 -24815 -22094 0
-14847 -20556 -24727 -22016 1
-14843 -20551 -24721 -22010 0
-14726 -20388 -24525 -21836 0
-14714 -20373 -24506 -21819 0
-14709 -20366 -24498 -21812 0
-14678 -20322 -24445 -21765 0
-14664 -20304 -24423 -21745 0
-14645 -20276 -24391 -21717 0
-14576 -20182 -24277 -21615 0
-14550 -20146 -24233 -21576 0
-14526 -20111 -24192 -21539 0
-14488 -20060 -24130 -21484 0
-14439 -19992 -24048 -21411 0
-14377 -19906 -23945 -21319 0
-14347 -19866 -23896 -21276 0
-14346 -19862 -23893 -21273 0
-14250 -19729 -23733 -21131 0
-14247 -19726 -23728 -21126 0
-14243 -19720 -23722 -21121 0
-14230 -19703 -23700 -21101 0
-14218 -19685 -23679 -21083 0
-14211 -19675 -23668 -21073 0
-14153 -19597 -23573 -20988 0
-14090 -19508 -23466 -20893 0
-13941 -19302 -23218 -20672 0
-13905 -19253 -23159 -20620 0
-13887 -19227 -23128 -20592 0
-13855 -19183 -23075 -20545 0
-13852 -19178 -23070 -20541 0
-13850 -19176 -23067 -20538 0
-13846 -19169 -23059 -20531 0
-13816 -19131 -23012 -20488 0
-13743 -19027 -22888 -20379 0
-13741 -19026 -22886 -20377 0
-13739 -19022 -22882 -20373 0
-13730 -19009 -22867 -20360 0
-13728 -19007 -22864 -20357 0
-13701 -18971 -22820 -20318 0
-13691 -18956 -22802 -20302 0
-13608 -18840 -22663 -20178 0
-13602 -18831 -22653 -20169 0
-13583 -18806 -22622 -20142 0
-13501 -18693 -22486 -20021 0
-13418 -18580 -22349 -19898 0
-13418 -18577 -22347 -19897 0
-13368 -18508 -22264 -19823 0
-13342 -18472 -22221 -19785 0
-13238 -18329 -22048 -19630 0
-13223 -18307 -22022 -19607 0
-13125 -18173 -21860 -19463 0
-13034 -18046 -21708 -19328 0
-13026 -18036 -21695 -19316 0
-12972 -17961 -21605 -19236 0
-12916 -17882 -21511 -19153 0
-12857 -17802 -21414 -19066 0
-12854 -17796 -21408 -19061 0
-12813 -17741 -21340 -19000 0
-12767 -17676 -21263 -18932 0
-12749 -17651 -21233 -18905 0
-12711 -17600 -21171 -18849 0
-12701 -17586 -21154 -18835 0
-12693 -17573 -21139 -18821 0
-12560 -17390 -20919 -18625 0
-12470 -17265 -20769 -18492 0
-12450 -17238 -20735 -18461 0
-12347 -17095 -20563 -18308 0
-12316 -17053 -20513 -18264 0
-12253 -16964 -20407 -18170 0
-12232 -16935 -20372 -18138 0
-12171 -16852 -20271 -18048 0
-12079 -16724 -20118 -17912 0
-12067 -16707 -20097 -17894 0
-12036 -16665 -20046 -17848 0
-12027 -16652 -20030 -17834 0
-11974 -16578 -19942 -17755 0
-11874 -16439 -19775 -17607 0
-11830 -16379 -19703 -17543 0
-11770 -16297 -19603 -17453 0
-11687 -16182 -19465 -17331 0
-11672 -16160 -19439 -17308 0
-11671 -16160 -19439 -17307 0
-11627 -16097 -19364 -17241 0
-11602 -16064 -19323 -17204 0
-11575 -16026 -19278 -17165 0
-11499 -15921 -19151 -17051 0
-11491 -15909 -19138 -17040 0
-11483 -15899 -19125 -17028 0
-11456 -15862 -19080 -16988 0
-11396 -15779 -18980 -16899 0
-11383 -15760 -18958 -16880 0
-11311 -15660 -18838 -16772 0
-11252 -15578 -18740 -16686 0
-11245 -15570 -18729 -16675 0
-11234 -15553 -18709 -16658 0
-11144 -15430 -18561 -16526 0
-11105 -15375 -18495 -16467 0
-11103 -15372 -18492 -16464 0
-11061 -15314 -18422 -16402 0
-11017 -15254 -18349 -16337 0
-10992 -15218 -18306 -16299 0
-10860 -15037 -18088 -16104 0
-10821 -14982 -18022 -16046 0
-10807 -14962 -17998 -16025 0
-10797 -14950 -17983 -16011 0
-10773 -14917 -17943 -15976 0
-10740 -14871 -17888 -15926 0
-10735 -14863 -17879 -15919 0
-10699 -14814 -17819 -15865 0
-10620 -14703 -17687 -15748 0
-10609 -14689 -17669 -15732 0
-10517 -14561 -17516 -15596 0
-10511 -14552 -17505 -15586 0
-10443 -14460 -17393 -15485 0
-10435 -14447 -17379 -15474 0
-10409 -14413 -17337 -15436 0
-10256 -14199 -17081 -15208 0
-10199 -14121 -16986 -15124 0
-10132 -14029 -16875 -15024 0
-10078 -13954 -16785 -14944 0
-10012 -13863 -16676 -14848 0
-9945 -13769 -16563 -14747 0
-9941 -13764 -16557 -14741 0
-9941 -13763 -16556 -14741 0
-9870 -13666 -16439 -14636 0
-9843 -13628 -16394 -14597 0
-9634 -13339 -16045 -14286 0
-9554 -13229 -15913 -14168 0
-9532 -13197 -15875 -14134 0
-9463 -13101 -15760 -14032 0
-9456 -13093 -15749 -14022 0
-9403 -13019 -15661 -13944 0
-9383 -12991 -15627 -13914 0
-9299 -12875 -15487 -13789 0
-9247 -12803 -15401 -13712 0
-9241 -12794 -15391 -13704 0
-9188 -12721 -15303 -13625 0
-9151 -12671 -15241 -13570 0
-9134 -12648 -15213 -13545 0
-9092 -12589 -15143 -13482 0
-9050 -12530 -15073 -13421 0
-9022 -12492 -15026 -13378 0
-8881 -12296 -14791 -13169 0
-8873 -12286 -14779 -13159 0
-8804 -12189 -14663 -13055 1
-8764 -12134 -14596 -12996 0
-8694 -12038 -14480 -12892 0
-8687 -12028 -14468 -12882 0
-8530 -11811 -14207 -12649 0
-8439 -11684 -14055 -12514 0
-8423 -11661 -14028 -12490 0
-8410 -11644 -14007 -12471 0
-8296 -11487 -13817 -12302 0
-8193 -11344 -13645 -12149 0
-8192 -11343 -13644 -12148 0
-8191 -11342 -13643 -12147 0
-8057 -11156 -13419 -11947 0
-8048 -11143 -13404 -11934 0
-8009 -11088 -13339 -11877 0
-7992 -11066 -13311 -11852 0
-7833 -10846 -13046 -11615 0
-7784 -10778 -12964 -11542 0
-7753 -10734 -12913 -11497 0
-7693 -10650 -12812 -11407 0
-7681 -10635 -12792 -11389 0
-7574 -10487 -12614 -11231 0
-7572 -10483 -12610 -11227 0
-7553 -10457 -12579 -11200 0
-7508 -10396 -12505 -11134 0
-7493 -10375 -12480 -11112 0
-7480 -10356 -12458 -11092 0
-7399 -10244 -12323 -10972 0
-7339 -10163 -12225 -10885 0
-7326 -10143 -12201 -10863 0
-7323 -10137 -12195 -10858 0
-7240 -10025 -12058 -10736 0
-7113 -9849 -11847 -10548 0
-7068 -9786 -11772 -10481 0
-7066 -9784 -11769 -10479 0
-6944 -9614 -11565 -10297 0
-6941 -9610 -11560 -10293 0
-6927 -9590 -11536 -10271 0
-6910 -9568 -11509 -10247 0
-6900 -9553 -11492 -10232 0
-6819 -9442 -11357 -10112 0
-6689 -9262 -11141 -9919 0
-6532 -9046 -10881 -9687 0
-6526 -9037 -10870 -9678 0
-6516 -9021 -10852 -9662 0
-6470 -8959 -10776 -9594 0
-6437 -8913 -10721 -9545 0
-6349 -8790 -10574 -9415 0
-6335 -8772 -10551 -9394 0
-6324 -8756 -10532 -9377 1
-6311 -8737 -10510 -9358 0
-6310 -8736 -10509 -9357 0
-6300 -8722 -10492 -9342 0
-6280 -8694 -10459 -9312 0
-6249 -8653 -10409 -9268 0
-6240 -8639 -10392 -9252 0
-6145 -8507 -10234 -9112 0
-6119 -8471 -10190 -9073 0
-6055 -8383 -10084 -8979 0
-5948 -8235 -9906 -8820 0
-5947 -8233 -9904 -8818 0
-5884 -8146 -9800 -8725 0
-5873 -8131 -9781 -8708 1
-5835 -8078 -9718 -8653 0
-5749 -7959 -9574 -8524 0
-5717 -7916 -9522 -8478 0
-5686 -7871 -9469 -8431 0
-5670 -7851 -9444 -8408 0
-5641 -7810 -9395 -8365 0
-5621 -7783 -9362 -8335 0
-5603 -7758 -9332 -8309 0
-5596 -7747 -9319 -8298 0
-5523 -7647 -9199 -8190 0
-5505 -7622 -9169 -8164 0
-5496 -7610 -9154 -8150 0
-5496 -7609 -9153 -8149 0
-5461 -7562 -9096 -8098 0
-5442 -7534 -9063 -8069 0
-5424 -7509 -9033 -8043 0
-5397 -7473 -8989 -8003 0
-5377 -7444 -8955 -7974 0
-5190 -7186 -8644 -7696 0
-5184 -7178 -8634 -7687 0
-5110 -7075 -8511 -7578 0
-5107 -7073 -8507 -7574 0
-5039 -6976 -8392 -7472 0
-4992 -6911 -8314 -7403 0
-4968 -6879 -8275 -7368 0
-4868 -6739 -8107 -7218 0
-4859 -6727 -8092 -7205 0
-4774 -6609 -7951 -7079 0
-4726 -6544 -7871 -7008 0
-4687 -6490 -7807 -6951 0
-4609 -6382 -7677 -6835 0
-4590 -6354 -7644 -6806 0
-4540 -6285 -7561 -6732 0
-4487 -6213 -7473 -6653 0
-4466 -6184 -7438 -6622 0
-4330 -5996 -7212 -6421 0
-4277 -5921 -7123 -6342 0
-4203 -5820 -7000 -6232 0
-4151 -5747 -6913 -6155 0
-4119 -5702 -6860 -6108 0
-4097 -5673 -6824 -6076 0
-4096 -5672 -6822 -6074 0
-4095 -5670 -6820 -6072 0
-4067 -5632 -6774 -6031 0
-4043 -5598 -6734 -5995 0
-3958 -5481 -6593 -5870 0
-3887 -5382 -6474 -5764 0
-3852 -5333 -6415 -5712 0
-3801 -5262 -6330 -5636 0
-3799 -5261 -6328 -5634 0
-3743 -5183 -6234 -5550 0
-3713 -5140 -6183 -5505 0
-3661 -5069 -6097 -5428 0
-3544 -4906 -5902 -5255 0
-3442 -4765 -5732 -5104 0
-3431 -4749 -5713 -5087 0
-3427 -4746 -5709 -5083 0
-3399 -4706 -5661 -5040 0
-3314 -4589 -5520 -4915 0
-3296 -4564 -5490 -4888 1
-3289 -4553 -5477 -4877 0
-3265 -4521 -5438 -4842 0
-3193 -4420 -5318 -4735 0
-3110 -4306 -5180 -4612 0
-3029 -4194 -5045 -4492 1
-2919 -4041 -4861 -4328 0
-2868 -3971 -4777 -4253 0
-2863 -3964 -4768 -4245 0
-2838 -3929 -4726 -4208 0
-2822 -3908 -4700 -4184 0
-2780 -3848 -4629 -4121 0
-2689 -3723 -4478 -3987 0
-2677 -3706 -4458 -3970 0
-2673 -3701 -4452 -3964 0
-2663 -3688 -4436 -3950 0
-2616 -3622 -4357 -3879 0
-2615 -3623 -4357 -3879 0
-2591 -3588 -4316 -3842 0
-2569 -3557 -4279 -3810 0
-2569 -3556 -4278 -3809 0
-2536 -3511 -4224 -3761 0
-2506 -3470 -4174 -3716 0
-2502 -3465 -4168 -3711 0
-2365 -3274 -3939 -3507 0
-2212 -3063 -3684 -3280 0
-2205 -3052 -3672 -3270 0
-2203 -3051 -3670 -3267 0
-2199 -3045 -3663 -3261 0
-2156 -2986 -3591 -3197 0
-2064 -2858 -3438 -3061 0
-2049 -2839 -3414 -3040 0
-2048 -2837 -3412 -3038 0
-2047 -2836 -3411 -3037 0
-2026 -2806 -3375 -3005 0
-2024 -2802 -3371 -3001 0
-1995 -2762 -3323 -2959 0
-1872 -2591 -3117 -2775 0
-1849 -2559 -3079 -2742 0
-1778 -2460 -2960 -2636 0
-1693 -2345 -2820 -2510 0
-1687 -2335 -2810 -2502 0
-1633 -2260 -2719 -2421 0
-1629 -2255 -2713 -2416 0
-1589 -2199 -2646 -2356 0
-1579 -2187 -2630 -2342 0
-1561 -2162 -2600 -2315 0
-1535 -2126 -2557 -2277 0
-1519 -2103 -2530 -2252 0
-1515 -2097 -2523 -2247 0
-1447 -2003 -2410 -2146 0
-1421 -1968 -2367 -2107 0
-1395 -1931 -2323 -2068 0
-1340 -1857 -2233 -1988 0
-1336 -1849 -2225 -1981 0
-1307 -1809 -2176 -1938 0
-1300 -1799 -2165 -1928 0
-1288 -1785 -2146 -1910 0
-1229 -1701 -2046 -1822 0
-1227 -1698 -2043 -1819 0
-1213 -1679 -2020 -1799 0
-1137 -1575 -1894 -1686 0
-1071 -1484 -1785 -1589 0
-1025 -1421 -1708 -1520 0
-1024 -1420 -1707 -1520 0
-1023 -1418 -1705 -1518 0
-993 -1375 -1654 -1473 0
-929 -1287 -1548 -1378 0
-899 -1244 -1497 -1333 0
-863 -1195 -1437 -1279 0
-851 -1177 -1417 -1262 0
-804 -1113 -1339 -1192 0
-791 -1096 -1318 -1174 0
-766 -1061 -1276 -1136 0
-757 -1047 -1260 -1122 0
-630 -872 -1049 -934 1
-571 -791 -951 -846 0
-513 -710 -854 -760 1
-512 -709 -853 -759 1
-511 -708 -851 -758 1
-502 -694 -835 -744 0
-450 -623 -749 -667 0
-433 -600 -722 -643 1
-425 -588 -708 -631 0
-363 -502 -604 -538 0
-325 -449 -540 -481 0
-318 -441 -530 -472 0
-263 -365 -439 -391 0
-255 -353 -425 -379 1
-254 -352 -423 -377 1
-253 -351 -422 -376 1
-252 -349 -420 -374 1
-251 -348 -419 -373 1
-250 -347 -417 -371 0
-250 -346 -417 -372 1
-249 -345 -415 -370 1
-248 -343 -413 -368 0
-247 -342 -411 -366 1
-246 -341 -410 -365 1
-245 -339 -408 -363 1
-244 -338 -407 -362 1
-243 -336 -405 -361 0
-242 -335 -403 -359 1
-241 -334 -402 -358 1
-240 -332 -399 -355 1
-239 -330 -398 -355 0
-238 -329 -396 -353 0
-237 -328 -395 -352 0
-236 -326 -392 -349 0
-235 -325 -391 -348 0
-234 -325 -390 -347 0
-234 -323 -389 -346 0
-233 -322 -388 -345 0
-232 -320 -386 -344 0
-231 -319 -384 -342 0
-230 -319 -383 -341 1
-229 -317 -381 -339 1
-228 -315 -379 -337 0
-227 -314 -378 -337 0
-226 -312 -376 -335 0
-225 -312 -375 -334 1
-224 -312 -375 -334 0
-224 -310 -373 -332 0
-223 -308 -371 -330 0
-222 -307 -370 -330 0
-221 -306 -368 -328 0
-220 -304 -366 -326 0
-219 -303 -364 -324 0
-218 -302 -363 -323 1
-217 -301 -362 -322 1
-217 -300 -361 -321 0
-216 -299 -360 -320 1
-215 -298 -359 -320 1
-214 -297 -357 -318 1
-213 -295 -355 -316 1
-212 -294 -353 -314 1
-211 -292 -351 -313 1
-210 -291 -350 -312 1
-209 -289 -348 -310 1
-208 -288 -347 -309 1
-207 -287 -345 -307 1
-206 -285 -343 -305 1
-205 -284 -342 -304 1
-204 -283 -340 -303 1
-203 -281 -338 -301 1
-202 -280 -337 -300 1
-201 -278 -334 -298 0
-200 -277 -333 -296 1
-199 -276 -332 -295 1
-198 -274 -330 -294 1
-197 -273 -329 -293 1
-196 -272 -327 -291 1
-195 -269 -324 -289 0
-194 -268 -323 -288 0
-193 -267 -321 -286 1
-192 -265 -319 -284 0
-191 -265 -318 -283 0
-191 -264 -318 -283 0
-190 -262 -316 -281 0
-189 -262 -315 -281 1
-188 -260 -313 -278 1
-187 -258 -311 -277 0
-186 -257 -310 -276 0
-185 -256 -308 -274 0
-184 -255 -307 -274 1
-183 -254 -306 -273 1
-182 -252 -303 -270 1
-181 -251 -302 -269 1
-180 -249 -300 -267 0
-179 -247 -298 -265 0
-178 -247 -297 -264 1
-177 -244 -294 -262 0
-176 -243 -292 -260 0
-175 -242 -291 -259 1
-174 -240 -289 -257 0
-173 -240 -289 -257 1
-172 -238 -287 -256 1
-171 -236 -284 -253 0
-170 -235 -283 -252 0
-169 -234 -281 -250 1
-168 -233 -280 -249 1
-167 -231 -278 -248 0
-166 -229 -276 -246 0
-165 -228 -275 -245 0
-164 -226 -273 -243 0
-163 -225 -271 -241 0
-162 -224 -270 -240 0
-161 -222 -268 -239 0
-160 -221 -266 -237 0
-159 -219 -264 -235 0
-158 -218 -262 -233 0
-157 -217 -261 -233 0
-156 -215 -259 -231 0
-155 -214 -258 -230 0
-154 -213 -257 -229 0
-153 -211 -254 -226 0
-152 -210 -253 -225 0
-151 -209 -252 -224 0
-150 -208 -250 -222 1
-149 -206 -248 -221 0
-148 -204 -246 -219 0
-147 -203 -245 -218 0
-146 -203 -244 -217 1
-145 -201 -242 -215 1
-144 -200 -241 -215 1
-143 -198 -238 -212 1
-142 -196 -236 -211 0
-141 -195 -235 -210 1
-140 -194 -233 -208 1
-139 -193 -232 -207 1
-138 -191 -230 -205 0
-138 -191 -230 -205 1
-137 -190 -229 -204 1
-136 -188 -226 -201 1
-135 -187 -225 -200 1
-134 -186 -224 -199 1
-133 -184 -221 -197 1
-132 -183 -220 -196 1
-131 -182 -219 -195 1
-130 -180 -217 -193 1
-129 -179 -215 -191 1
-128 -178 -214 -190 1
-127 -176 -212 -189 1
-126 -175 -211 -188 1
-125 -173 -208 -185 1
-124 -172 -207 -184 1
-123 -170 -205 -183 1
-122 -169 -203 -181 1
-121 -168 -202 -180 1
-120 -165 -199 -177 0
-119 -164 -198 -176 0
-118 -163 -196 -175 1
-117 -162 -195 -173 1
-116 -161 -193 -172 1
-115 -159 -191 -170 1
-114 -158 -190 -169 1
-113 -157 -189 -169 1
-112 -155 -187 -167 1
-111 -154 -185 -165 1
-110 -153 -184 -164 1
-109 -150 -181 -161 0
-108 -149 -180 -160 0
-107 -147 -177 -158 0
-106 -146 -176 -157 0
-105 -145 -175 -156 0
-104 -144 -173 -154 1
-103 -142 -171 -152 0
-102 -141 -170 -152 1
-101 -140 -169 -151 1
-100 -138 -166 -148 0
-99 -137 -165 -147 0
-98 -135 -163 -145 0
-97 -134 -162 -144 0
-96 -132 -159 -142 0
-95 -131 -158 -141 0
-94 -130 -157 -140 0
-93 -128 -155 -138 0
-92 -127 -153 -136 0
-91 -125 -151 -135 0
-90 -124 -150 -134 0
-89 -122 -147 -131 0
-88 -121 -146 -130 0
-87 -120 -144 -128 0
-86 -118 -142 -127 0
-85 -117 -141 -126 0
-84 -116 -140 -125 0
-83 -115 -139 -124 1
-82 -113 -136 -121 0
-81 -112 -135 -120 0
-80 -110 -132 -117 0
-79 -109 -131 -117 0
-78 -107 -129 -115 0
-77 -107 -129 -115 1
-76 -106 -127 -113 1
-75 -104 -125 -111 1
-74 -103 -124 -110 1
-73 -101 -122 -109 1
-72 -99 -120 -107 0
-71 -99 -119 -106 1
-70 -97 -117 -104 1
-69 -96 -115 -102 1
-68 -93 -112 -100 0
-67 -93 -112 -100 1
-66 -91 -110 -98 0
-65 -90 -108 -96 1
-64 -88 -106 -95 0
-63 -87 -105 -93 0
-62 -85 -102 -91 0
-61 -85 -102 -91 1
-60 -83 -100 -89 0
-59 -81 -98 -88 0
-58 -80 -97 -87 0
-57 -78 -94 -84 0
-56 -77 -93 -83 0
-55 -76 -92 -82 1
-54 -75 -90 -80 1
-53 -74 -89 -79 1
-52 -71 -86 -77 0
-51 -70 -84 -75 0
-50 -68 -82 -73 0
-49 -67 -81 -72 0
-48 -66 -80 -71 0
-47 -65 -78 -70 0
-46 -63 -76 -68 0
-45 -62 -75 -67 0
-44 -60 -73 -65 0
-43 -59 -71 -63 0
-42 -58 -70 -62 0
-41 -56 -68 -61 0
-40 -55 -67 -60 0
-39 -53 -64 -57 0
-38 -53 -64 -57 1
-37 -52 -62 -55 1
-36 -50 -60 -54 1
-35 -48 -58 -52 0
-34 -47 -56 -50 1
-33 -45 -54 -48 0
-32 -44 -53 -47 0
-31 -42 -51 -46 0
-30 -41 -50 -45 0
-29 -40 -48 -43 0
-28 -38 -46 -41 0
-27 -37 -45 -40 0
-26 -36 -44 -39 0
-25 -35 -42 -37 1
-24 -33 -40 -36 0
-23 -31 -38 -34 0
-22 -30 -36 -32 0
-21 -28 -34 -30 0
-20 -27 -33 -30 0
-19 -26 -32 -29 0
-18 -24 -29 -26 0
-17 -23 -28 -25 0
-16 -21 -26 -23 0
-15 -20 -24 -21 0
-14 -19 -23 -20 0
-13 -17 -21 -19 0
-12 -16 -20 -18 0
-11 -15 -18 -16 0
-10 -13 -16 -14 0
-9 -12 -15 -13 0
-8 -11 -13 -12 0
-7 -9 -11 -10 0
-6 -8 -10 -9 0
-5 -6 -8 -8 0
-4 -5 -6 -6 0
-3 -3 -4 -4 0
-2 -1 -2 -2 0
-1 -2 -2 -2 0
2 1 2 2 0
3 2 3 3 0
4 5 6 5 0
5 7 9 8 0
5 8 9 8 0
6 8 10 9 0
6 9 10 9 0
7 9 11 10 0
8 11 13 12 0
9 12 15 13 0
10 13 16 14 0
11 15 18 16 0
12 16 20 18 0
13 17 21 19 0
14 19 23 21 0
15 20 25 22 0
16 22 27 24 0
17 23 28 25 0
18 24 29 26 0
19 26 31 28 0
20 27 33 29 0
21 29 35 31 0
22 30 36 32 0
23 31 38 34 0
24 33 40 36 0
25 34 41 37 0
26 35 43 39 0
27 37 45 40 0
28 38 46 41 0
29 39 47 42 0
30 41 50 45 0
31 42 51 46 0
32 44 53 47 0
33 45 55 49 0
34 47 57 51 0
35 48 58 51 0
36 49 59 53 0
37 51 61 54 0
38 52 63 56 0
39 54 65 58 0
40 55 66 59 0
41 56 68 61 0
42 58 70 63 0
43 59 71 63 0
44 60 73 65 0
45 62 75 67 0
46 63 76 68 0
47 64 78 70 0
48 66 80 71 0
49 67 81 72 0
50 69 83 74 0
51 70 85 76 0
52 71 86 77 0
53 73 88 78 0
54 74 89 80 0
55 76 91 81 0
56 77 93 83 0
57 79 95 85 0
58 80 97 86 0
59 81 98 87 0
60 83 100 89 0
61 84 101 90 0
62 85 103 92 0
63 87 105 93 0
64 88 106 94 0
65 89 108 96 0
66 91 110 98 0
67 92 111 99 0
68 94 113 101 0
69 95 115 103 0
70 96 116 103 0
71 98 118 105 0
72 99 120 107 0
73 101 121 108 0
74 102 123 110 0
75 104 125 111 0
76 105 127 113 0
77 106 128 114 0
78 108 130 116 0
79 109 131 117 0
80 110 133 119 0
81 111 134 120 0
82 113 136 121 0
83 114 138 123 0
84 116 140 125 0
85 117 141 126 0
86 118 143 127 0
87 120 145 129 0
88 121 146 130 0
89 123 148 132 0
90 124 149 133 0
91 126 151 134 0
92 127 153 136 0
93 128 154 137 0
94 130 157 140 0
95 131 158 141 0
96 132 159 142 0
97 134 162 144 0
98 135 163 145 0
99 136 164 146 0
100 138 166 148 0
101 139 168 150 0
102 141 170 151 0
103 142 171 152 0
104 143 173 154 0
105 145 175 156 0
106 146 176 157 0
107 148 178 159 0
108 149 179 160 0
109 151 182 162 0
110 152 183 163 0
111 153 184 164 0
112 155 187 166 0
113 156 188 168 0
114 157 189 168 0
115 159 192 171 0
115 160 192 171 0
116 160 193 172 0
117 161 194 173 0
118 163 196 174 0
119 164 198 176 0
120 165 199 177 0
121 167 201 179 0
122 168 203 181 0
123 170 205 183 0
124 171 206 183 0
125 173 208 186 0
126 174 209 186 0
127 175 211 188 0
128 177 213 190 0
129 178 215 191 0
130 180 217 193 0
131 181 218 194 0
132 182 219 195 0
133 184 222 198 0
134 185 223 199 0
135 186 224 200 0
136 188 226 201 0
137 189 228 203 0
138 190 229 204 0
139 192 231 206 0
140 193 233 207 0
140 195 234 208 0
141 195 235 209 0
142 196 236 210 0
143 198 238 212 0
144 199 239 213 0
145 200 241 215 0
146 202 243 216 0
147 203 245 218 0
148 204 246 219 0
149 206 248 221 0
150 207 249 222 0
151 208 251 224 0
152 210 253 225 0
153 211 254 226 0
154 212 256 228 0
155 214 258 230 0
156 215 259 231 0
157 217 261 232 0
158 218 263 234 0
159 220 265 236 0
160 221 266 237 0
161 222 268 239 0
162 224 269 240 0
163 225 271 242 0
164 227 273 243 0
165 228 275 245 0
166 229 276 246 0
167 231 278 248 0
168 232 280 249 0
169 233 281 250 0
170 235 283 252 0
171 236 284 253 0
172 237 286 255 0
173 239 288 256 0
174 240 289 257 0
175 242 291 259 0
176 243 293 261 0
177 245 295 263 0
178 246 296 264 0
179 247 298 266 0
180 249 299 266 0
181 250 301 268 0
182 252 303 270 0
183 253 305 271 0
184 254 306 273 0
185 256 309 275 0
186 257 310 276 0
187 258 311 277 0
188 260 313 279 0
189 261 314 280 0
190 262 316 282 0
191 264 318 284 0
192 265 319 284 0
193 267 321 286 0
194 268 323 288 0
195 269 324 288 0
196 271 326 291 0
197 272 328 292 0
198 274 330 294 0
199 275 331 295 0
200 277 333 296 0
201 278 335 298 0
202 279 336 299 0
203 281 338 301 0
204 282 339 302 0
205 283 341 304 0
206 285 343 305 0
207 286 344 306 0
208 287 346 308 0
209 289 348 310 0
210 290 349 311 0
211 292 352 313 0
212 293 353 314 0
213 294 354 315 0
214 296 356 317 0
215 297 357 318 0
216 299 360 321 0
217 300 361 322 0
218 301 363 323 0
219 303 365 325 0
220 304 366 326 0
221 305 367 327 0
222 307 369 329 0
223 308 371 330 0
224 309 372 331 0
225 311 375 334 0
226 312 376 335 0
227 314 378 336 0
228 315 379 337 0
229 317 382 340 0
230 318 383 341 0
231 319 384 342 0
232 321 386 344 0
233 322 387 345 0
234 324 390 347 0
235 325 391 348 0
236 326 393 350 0
237 328 395 351 0
238 329 396 353 0
239 330 397 353 0
240 332 399 355 0
241 333 401 357 0
242 334 402 358 0
243 336 405 361 0
244 337 406 362 0
245 339 408 363 0
246 340 409 364 0
247 341 411 366 0
248 343 413 368 0
249 344 414 369 0
250 346 416 371 0
251 347 417 371 0
252 349 420 374 0
253 350 421 375 0
254 351 423 376 0
255 353 425 378 0
256 354 426 379 0
259 358 431 384 0
359 498 599 533 0
402 555 668 595 0
464 642 773 688 0
499 692 832 741 0
511 707 851 758 0
512 708 852 759 0
513 710 854 760 0
549 760 914 814 0
553 765 921 820 0
557 771 928 826 0
563 779 937 834 0
594 822 989 881 0
614 851 1023 911 0
647 896 1077 959 0
670 927 1116 994 0
779 1078 1297 1155 0
814 1128 1356 1207 0
914 1265 1522 1355 0
1023 1416 1704 1517 0
1024 1418 1706 1519 1
1025 1419 1707 1520 0
1048 1451 1746 1554 0
1103 1527 1837 1636 0
1115 1545 1858 1654 0
1149 1592 1914 1704 0
1163 1610 1937 1724 0
1174 1625 1955 1741 0
1203 1665 2003 1784 0
1315 1820 2190 1950 0
1367 1893 2277 2027 0
1369 1896 2280 2030 0
1379 1910 2297 2045 0
1385 1917 2306 2053 0
1444 2000 2406 2142 0
1450 2007 2415 2150 0
1480 2049 2465 2195 1
1560 2161 2599 2314 0
1588 2199 2645 2355 0
1674 2318 2788 2482 0
1714 2374 2855 2541 0
1827 2530 3043 2709 0
1939 2685 3229 2875 0
1995 2762 3323 2959 0
2001 2769 3332 2967 0
2028 2808 3377 3006 0
2032 2814 3385 3014 0
2039 2824 3397 3024 0
2047 2834 3409 3035 1
2048 2836 3411 3037 0
2049 2837 3412 3038 0
2057 2848 3426 3050 0
2080 2879 3464 3084 0
2186 3026 3640 3241 0
2277 3152 3792 3376 0
2326 3221 3874 3449 0
2366 3275 3940 3508 0
2389 3307 3979 3543 0
2394 3314 3987 3550 0
2404 3328 4004 3565 0
2450 3393 4081 3633 0
2473 3424 4119 3667 0
2526 3498 4207 3746 0
2548 3527 4243 3778 0
2573 3562 4285 3815 0
2592 3587 4316 3843 0
2618 3624 4360 3882 0
2654 3675 4420 3935 0
2674 3702 4453 3965 0
2711 3752 4514 4019 0
2723 3771 4536 4039 0
2734 3786 4554 4054 0
2800 3876 4663 4152 0
2843 3937 4735 4215 0
2929 4056 4879 4344 0
2958 4095 4926 4386 0
2993 4143 4984 4438 0
2999 4152 4995 4448 0
3173 4393 5285 4706 0
3188 4415 5310 4728 0
3263 4519 5435 4839 0
3289 4553 5477 4877 0
3314 4589 5520 4915 0
3349 4636 5577 4966 0
3359 4651 5595 4981 0
3367 4663 5609 4994 0
3405 4714 5671 5049 0
3420 4736 5697 5072 0
3496 4840 5822 5184 0
3520 4873 5862 5219 0
3576 4952 5956 5303 0
3660 5068 6096 5428 0
3677 5090 6123 5452 0
3677 5091 6124 5452 0
3680 5094 6128 5456 0
3691 5110 6147 5473 0
3707 5132 6174 5497 0
3796 5255 6322 5629 0
3868 5355 6442 5736 0
3884 5378 6469 5760 0
3895 5393 6487 5776 0
3931 5443 6547 5829 0
3958 5480 6592 5869 1
3965 5490 6604 5880 0
4002 5540 6665 5934 0
4010 5550 6677 5945 0
4016 5561 6689 5955 0
4057 5617 6757 6016 0
4072 5639 6783 6039 0
4095 5671 6821 6073 0
4096 5673 6823 6075 0
4097 5674 6825 6077 0
4103 5680 6833 6084 0
4149 5745 6910 6153 0
4161 5762 6931 6171 0
4240 5870 7061 6287 0
4252 5887 7081 6304 0
4306 5963 7172 6385 0
4366 6046 7272 6475 0
4399 6091 7327 6523 0
4473 6191 7448 6631 0
4479 6201 7460 6642 0
4508 6241 7507 6684 0
4596 6364 7655 6816 0
4656 6447 7755 6904 0
4786 6627 7971 7097 0
4796 6640 7988 7112 0
4824 6679 8034 7153 0
4828 6684 8041 7160 0
4839 6699 8059 7176 0
4967 6877 8272 7365 0
4998 6921 8325 7412 0
5022 6954 8365 7448 0
5040 6979 8395 7474 0
5044 6984 8401 7480 0
5078 7031 8457 7529 0
5088 7044 8474 7545 0
5100 7061 8494 7563 0
5120 7090 8528 7592 0
5165 7152 8603 7660 0
5203 7203 8665 7715 0
5204 7204 8666 7716 0
5207 7208 8671 7720 0
5220 7227 8694 7741 0
5235 7249 8719 7763 0
5271 7298 8779 7816 0
5286 7319 8804 7839 0
5393 7467 8982 7997 0
5433 7522 9048 8056 0
5456 7555 9088 8091 0
5499 7614 9158 8153 0
5545 7678 9236 8223 0
5553 7686 9247 8233 0
5609 7765 9341 8317 0
5669 7848 9441 8406 0
5899 8167 9824 8747 0
5926 8204 9869 8787 0
5945 8231 9901 8815 0
5961 8254 9929 8840 0
6025 8341 10034 8934 0
6066 8398 10102 8995 0
6140 8501 10226 9105 0
6141 8502 10227 9106 0
6151 8517 10245 9121 0
6165 8536 10268 9142 0
6166 8538 10270 9144 0
6187 8566 10304 9174 0
6188 8567 10306 9176 0
6198 8582 10323 9191 0
6215 8604 10351 9216 0
6304 8728 10499 9348 0
6408 8873 10673 9502 0
6420 8889 10693 9520 0
6453 8935 10748 9570 0
6454 8937 10750 9571 0
6513 9018 10847 9658 0
6520 9028 10859 9668 0
6568 9095 10940 9740 0
6629 9179 11041 9830 0
6640 9194 11059 9846 0
6653 9212 11081 9866 0
6709 9288 11173 9948 0
6744 9337 11232 10001 0
6762 9362 11262 10027 0
6864 9503 11432 10179 0
6904 9558 11498 10238 0
6970 9650 11608 10335 0
6975 9658 11618 10344 0
6977 9659 11619 10345 0
7020 9718 11690 10408 0
7049 9759 11740 10453 0
7151 9901 11910 10604 0
7181 9942 11959 10648 0
7247 10035 12071 10747 0
7264 10057 12098 10771 0
7392 10234 12311 10961 0
7442 10305 12395 11036 0
7456 10323 12418 11056 0
7537 10435 12553 11176 0
7589 10507 12639 11253 0
7593 10512 12645 11259 0
7608 10533 12671 11282 0
7633 10568 12712 11318 0
7788 10783 12971 11549 0
7848 10865 13070 11637 0
7859 10882 13089 11654 0
7876 10905 13117 11679 0
8067 11170 13436 11963 0
8087 11196 13468 11991 0
8089 11200 13472 11995 0
8093 11206 13479 12001 0
8179 11324 13622 12128 0
8191 11342 13643 12147 0
8192 11343 13644 12148 0
8193 11344 13645 12149 0
8208 11365 13671 12172 0
8236 11402 13716 12212 0
8479 11739 14121 12573 0
8514 11789 14181 12626 0
8523 11800 14195 12638 0
8609 11920 14338 12766 0
8632 11952 14377 12800 0
8679 12016 14455 12870 0
8684 12023 14463 12877 0
8779 12156 14622 13018 0
8801 12186 14658 13051 1
8837 12236 14718 13104 0
8909 12334 14837 13210 0
8917 12347 14851 13222 0
9039 12514 15053 13402 0
9052 12532 15075 13422 0
9160 12683 15256 13583 0
9379 12985 15620 13907 0
9380 12988 15623 13910 0
9421 13044 15691 13970 0
9422 13045 15692 13971 0
9434 13062 15713 13990 1
9448 13082 15736 14010 0
9452 13086 15742 14016 0
9456 13093 15749 14022 0
9486 13134 15799 14067 0
9510 13168 15839 14102 0
9744 13490 16228 14449 0
9776 13535 16282 14497 0
9793 13558 16310 14522 0
9934 13755 16546 14731 0
9938 13760 16552 14737 0
10010 13860 16672 14844 0
10038 13898 16718 14885 0
10082 13960 16792 14950 0
10175 14089 16947 15089 0
10178 14093 16952 15093 0
10240 14178 17054 15184 0
10257 14202 17083 15210 0
10313 14280 17177 15293 0
10317 14285 17183 15299 0
10328 14301 17202 15316 0
10352 14332 17240 15350 0
10371 14360 17273 15379 0
10462 14486 17425 15514 0
10536 14588 17548 15624 0
10724 14848 17861 15902 1
10857 15033 18082 16099 0
10906 15099 18163 16172 0
10923 15124 18192 16197 0
10933 15138 18209 16212 0
10973 15193 18275 16271 0
11007 15239 18332 16322 0
11007 15241 18333 16322 0
11142 15427 18557 16522 0
11158 15448 18583 16545 0
11183 15484 18625 16582 0
11199 15506 18652 16607 0
11211 15523 18672 16624 0
11265 15596 18761 16704 0
11350 15714 18903 16830 0
11425 15819 19029 16942 0
11514 15942 19177 17074 0
11515 15945 19180 17077 0
11597 16057 19315 17197 0
11606 16070 19330 17210 0
11620 16089 19353 17231 0
11700 16199 19486 17349 0
11770 16296 19603 17454 0
11793 16327 19641 17488 0
11844 16398 19726 17563 0
11855 16413 19744 17579 0
11877 16444 19781 17612 0
11896 16470 19812 17640 0
11944 16538 19893 17712 0
11957 16554 19913 17730 0
11958 16557 19916 17732 0
11965 16566 19927 17742 0
12045 16675 20059 17860 0
12057 16693 20080 17879 0
12160 16837 20253 18032 0
12186 16871 20295 18070 0
12203 16896 20324 18095 0
12225 16927 20361 18128 0
12285 17009 20460 18217 0
12302 17032 20488 18242 0
12324 17064 20526 18275 0
12362 17115 20588 18330 0
12370 17128 20603 18343 0
12529 17348 20868 18580 0
12577 17414 20947 18650 0
12591 17432 20969 18670 0
12593 17436 20973 18673 0
12643 17505 21057 18748 0
12689 17569 21134 18816 0
12693 17574 21140 18822 0
12703 17589 21157 18837 0
12706 17592 21161 18841 0
12877 17829 21446 19094 0
12892 17849 21471 19117 0
12900 17861 21485 19129 0
12976 17966 21612 19242 0
12994 17991 21642 19269 0
13079 18110 21784 19395 0
13112 18155 21838 19443 0
13119 18165 21851 19455 0
13174 18240 21941 19535 0
13222 18306 22021 19607 0
13256 18352 22077 19657 0
13256 18353 22077 19656 0
13277 18383 22113 19688 0
13289 18399 22132 19705 0
13448 18619 22397 19941 0
13459 18634 22415 19957 0
13474 18656 22441 19980 0
13522 18721 22520 20051 0
13550 18759 22566 20092 0
13586 18810 22627 20146 0
13607 18840 22662 20177 0
13618 18854 22680 20194 0
13630 18870 22700 20211 0
13646 18894 22727 20235 0
13660 18914 22751 20256 0
13770 19065 22933 20418 1
13791 19094 22968 20450 0
13827 19145 23029 20504 0
13828 19146 23030 20505 0
13829 19148 23033 20507 0
13836 19157 23044 20517 0
13936 19296 23211 20666 0
13949 19314 23233 20685 0
13967 19339 23263 20712 0
13983 19361 23289 20735 0
14002 19387 23321 20764 0
14003 19387 23321 20764 0
14083 19498 23455 20883 0
14084 19501 23457 20885 0
14126 19559 23527 20947 1
14197 19656 23645 21052 0
14233 19706 23705 21106 0
14284 19776 23789 21181 0
14292 19787 23802 21192 0
14299 19797 23815 21204 0
14393 19929 23972 21343 0
14434 19984 24039 21403 1
14673 20316 24438 21758 0
14749 20420 24564 21870 0
14756 20430 24576 21882 0
14847 20556 24727 22016 0
14971 20729 24935 22201 0
14986 20749 24959 22222 0
15038 20821 25045 22299 0
15079 20878 25114 22360 0
15086 20888 25126 22371 0
15160 20989 25248 22480 0
15187 21028 25294 22521 0
15225 21081 25358 22577 0
15427 21360 25694 22877 0
15489 21445 25797 22968 0
15514 21480 25838 23005 0
15676 21704 26108 23245 0
15733 21784 26203 23330 0
15742 21796 26218 23343 0
15921 22043 26516 23609 0
15947 22080 26560 23648 0
16013 22171 26669 23745 0
16030 22195 26698 23771 0
16039 22208 26714 23785 0
16120 22317 26846 23903 0
16139 22347 26880 23933 0
16181 22403 26949 23994 0
16192 22418 26967 24010 0
16215 22451 27006 24045 0
16257 22507 27075 24106 0
16260 22513 27081 24112 0
16278 22538 27111 24138 0
16375 22672 27272 24282 0
16383 22684 27286 24294 0
16384 22684 27287 24295 0
16384 22685 27287 24295 0
16384 22685 27287 24295 1
16385 22686 27289 24297 0
16448 22775 27395 24391 0
16459 22788 27412 24406 0
16460 22789 27414 24408 0
16470 22804 27431 24423 1
16486 22825 27457 24446 0
16576 22950 27607 24580 0
16632 23028 27700 24663 0
16733 23167 27868 24812 0
16782 23235 27950 24886 0
16806 23269 27990 24921 0
16841 23317 28048 24973 1
16866 23351 28090 25010 0
16939 23452 28211 25118 0
16993 23527 28301 25198 0
17018 23562 28343 25235 0
17047 23601 28390 25277 0
17087 23659 28459 25339 0
17162 23762 28583 25448 0
17196 23809 28640 25500 0
17241 23872 28715 25566 0
17269 23909 28761 25608 0
17292 23942 28800 25642 0
17363 24041 28918 25747 0
17424 24125 29020 25838 0
17551 24300 29231 26026 0
17553 24302 29234 26029 0
17630 24409 29362 26143 0
17648 24434 29392 26169 0
17684 24484 29452 26223 0
17777 24613 29607 26361 0
17804 24651 29653 26402 0
17849 24714 29728 26468 0
17915 24805 29838 26566 0
18141 25118 30214 26901 0
18200 25198 30311 26988 0
18333 25383 30533 27185 0
18352 25410 30566 27215 0
18373 25439 30601 27246 0
18414 25495 30669 27306 0
18463 25562 30749 27377 0
18625 25788 31020 27619 0
18661 25837 31080 27672 0
18699 25891 31144 27729 0
18706 25899 31155 27739 0
18710 25904 31161 27744 0
18740 25946 31211 27789 0
18810 26043 31328 27893 0
18908 26180 31491 28038 0
18913 26186 31499 28045 0
18947 26233 31556 28096 0
18963 26255 31583 28120 0
18994 26298 31634 28165 0
19042 26364 31714 28237 0
19062 26392 31747 28266 0
19192 26571 31963 28459 0
19208 26594 31990 28482 0
19260 26665 32076 28559 0
19301 26723 32146 28621 0
19311 26738 32163 28636 0
19343 26782 32216 28683 0
19531 27041 32528 28962 0
19663 27224 32748 29157 0
19695 27269 32802 29205 0
19715 27296 32835 29235 0
19765 27366 32918 29308 0
19780 27387 32944 29332 0
19832 27458 33030 29409 0
19844 27476 33051 29427 0
19854 27489 33067 29441 0
19861 27498 33078 29451 0
19872 27515 33097 29468 0
19899 27551 33142 29508 0
19906 27561 33154 29519 0
19913 27570 33165 29528 0
19968 27647 33257 29610 0
19993 27682 33299 29648 0
20091 27818 33462 29793 0
20093 27820 33465 29795 0
20094 27822 33467 29797 0
20111 27844 33494 29821 0
20136 27879 33536 29859 0
20196 27963 33637 29949 0
20206 27977 33653 29963 0
20222 27998 33679 29986 0
20274 28070 33766 30064 0
20335 28154 33867 30154 0
20399 28244 33975 30250 0
20434 28291 34032 30300 0
20475 28347 34099 30360 0
20478 28353 34106 30366 0
20490 28369 34125 30383 0
20621 28551 34344 30578 1
20650 28591 34392 30621 0
20698 28658 34472 30692 0
20721 28689 34510 30726 0
20777 28767 34604 30810 0
20814 28818 34666 30865 0
20846 28862 34719 30912 0
21002 29078 34978 31143 0
21014 29094 34998 31160 0
21016 29097 35002 31164 0
21043 29135 35047 31204 0
21079 29185 35107 31258 0
21129 29255 35190 31331 0
21137 29265 35203 31343 0
21145 29275 35216 31355 0
21164 29302 35248 31383 0
21165 29304 35250 31385 0
21234 29399 35365 31487 0
21257 29431 35403 31521 0
21273 29453 35430 31545 0
21295 29485 35467 31578 0
21348 29557 35555 31657 0
21499 29767 35807 31881 0
21563 29856 35913 31975 0
21668 30000 36088 32131 0
21732 30090 36195 32226 0
21744 30105 36214 32243 0
21802 30184 36309 32328 0
21803 30187 36312 32330 0
21808 30194 36321 32339 0
21961 30405 36575 32565 0
22205 30745 36983 32928 0
22268 30832 37088 33021 0
22408 31025 37321 33229 0
22434 31059 37362 33266 0
22463 31102 37412 33309 0
22529 31192 37521 33407 0
22544 31214 37547 33430 0
22559 31235 37572 33452 0
22579 31261 37604 33481 0
22705 31434 37813 33667 0
22911 31722 38158 33974 0
22917 31729 38167 33982 0
22919 31733 38171 33985 0
22936 31756 38200 34012 0
22944 31766 38212 34022 0
22973 31807 38261 34066 0
23054 31919 38396 34186 0
23059 31927 38405 34194 0
23062 31930 38409 34198 0
23125 32018 38515 34292 0
23159 32065 38571 34341 0
23188 32104 38619 34384 0
23284 32237 38779 34527 0
23289 32246 38788 34535 0
23368 32355 38920 34652 0
23386 32378 38948 34678 0
23428 32437 39019 34741 0
23445 32462 39048 34766 0
23776 32920 39599 35257 0
23817 32977 39668 35318 0
23883 33068 39778 35416 0
23923 33123 39844 35475 0
24057 33309 40067 35674 0
24095 33361 40130 35730 0
24264 33596 40412 35981 0
24301 33646 40473 36035 0
24314 33663 40494 36054 0
24439 33837 40703 36240 0
24498 33919 40801 36327 0
24585 34039 40946 36456 0
24661 34145 41073 36569 0
24714 34218 41161 36648 0
24718 34224 41168 36654 0
24780 34307 41269 36744 0
24839 34391 41369 36833 0
25014 34634 41661 37093 0
25020 34641 41670 37101 0
25054 34688 41727 37152 0
25150 34821 41887 37294 0
25232 34934 42023 37415 0
25280 35001 42103 37487 0
25339 35085 42203 37575 0
25387 35150 42282 37646 0
25395 35161 42295 37657 0
25586 35426 42614 37941 0
25591 35433 42622 37949 0
25600 35445 42637 37962 0
25645 35508 42712 38029 0
25648 35512 42717 38033 0
25660 35528 42737 38051 0
25677 35552 42766 38077 1
25704 35588 42809 38115 0
25755 35659 42895 38192 0
25826 35755 43011 38295 0
26011 36014 43321 38571 0
26020 36026 43336 38584 0
26106 36145 43479 38712 0
26135 36185 43527 38755 0
26177 36243 43597 38817 0
26242 36333 43706 38914 0
26276 36382 43763 38964 0
26341 36471 43871 39060 0
26407 36563 43981 39158 0
26503 36695 44140 39300 0
26504 36697 44143 39303 0
26610 36842 44318 39459 0
26631 36871 44353 39490 0
26650 36899 44386 39519 0
26670 36927 44419 39548 0
26728 37007 44516 39635 0
26742 37025 44538 39654 0
26756 37046 44562 39676 0
26765 37057 44577 39689 0
26775 37071 44593 39704 0
26838 37158 44698 39797 0
26850 37176 44719 39816 0
26869 37201 44750 39844 0
26921 37274 44837 39921 0
26922 37274 44838 39922 0
26981 37355 44935 40008 0
26986 37364 44945 40017 0
27049 37451 45050 40110 0
27141 37579 45203 40246 0
27155 37597 45226 40267 0
27193 37651 45290 40324 0
27254 37735 45391 40414 0
27300 37799 45468 40482 0
27420 37964 45667 40660 0
27444 37999 45709 40697 0
27461 38022 45737 40722 0
27511 38091 45819 40795 0
27567 38167 45912 40878 0
27591 38201 45952 40913 0
27608 38223 45979 40937 0
27649 38281 46049 40999 0
27844 38550 46373 41288 0
27863 38578 46405 41317 0
27874 38592 46423 41333 0
27880 38601 46434 41342 0
27911 38645 46486 41389 0
27966 38721 46578 41471 0
27973 38731 46589 41480 0
28056 38845 46727 41603 0
28084 38883 46773 41644 0
28112 38922 46820 41686 0
28141 38963 46869 41730 0
28185 39023 46941 41794 0
28202 39048 46971 41820 0
28223 39076 47005 41851 0
28333 39228 47188 42014 0
28335 39233 47193 42018 0
28374 39286 47257 42075 0
28409 39335 47316 42128 0
28417 39344 47327 42138 0
28471 39420 47418 42219 0
28601 39599 47634 42411 0
28697 39732 47794 42554 0
28720 39765 47833 42588 0
28766 39829 47910 42657 0
28772 39836 47919 42665 0
28789 39859 47947 42690 0
28812 39892 47986 42724 0
28883 39989 48103 42829 0
28893 40003 48120 42844 0
28952 40086 48220 42933 0
28954 40089 48223 42935 0
28973 40114 48254 42963 0
29061 40237 48401 43094 0
29081 40264 48434 43123 0
29095 40283 48457 43144 1
29159 40373 48564 43239 0
29240 40484 48699 43359 0
29251 40499 48717 43375 0
29256 40507 48726 43383 0
29271 40528 48751 43405 0
29284 40546 48772 43424 0
29379 40676 48930 43565 0
29386 40686 48942 43576 0
29435 40754 49023 43648 0
29440 40762 49032 43655 0
29551 40915 49217 43820 0
29576 40950 49259 43858 0
29589 40968 49280 43876 0
29732 41165 49518 44089 0
29768 41215 49578 44142 0
29807 41270 49643 44200 0
29852 41332 49718 44266 0
29853 41333 49720 44268 0
29933 41445 49854 44387 0
29935 41447 49856 44389 0
29991 41525 49950 44473 0
30004 41542 49971 44492 0
30008 41548 49978 44498 0
30042 41595 50035 44549 0
30054 41612 50055 44566 0
30055 41612 50056 44567 0
30142 41733 50201 44696 0
30165 41765 50240 44731 0
30184 41792 50271 44759 0
30190 41799 50281 44768 0
30298 41948 50460 44927 0
30301 41954 50466 44932 0
30360 42035 50564 45020 0
30517 42252 50826 45253 0
30543 42289 50869 45291 0
30661 42453 51066 45466 0
30674 42468 51086 45484 0
30675 42471 51089 45487 0
30760 42589 51230 45613 0
30790 42631 51280 45657 0
30807 42654 51309 45683 1
30847 42709 51375 45742 0
30862 42731 51401 45764 0
30890 42770 51448 45806 0
30978 42890 51593 45936 0
31004 42927 51637 45975 0
31053 42994 51718 46047 0
31196 43192 51956 46259 0
31230 43239 52013 46310 0
31281 43311 52099 46386 0
31319 43362 52161 46442 0
31374 43440 52254 46524 0
31393 43466 52285 46552 0
31399 43474 52295 46561 0
31401 43478 52299 46564 0
31468 43568 52409 46663 0
31470 43571 52413 46666 0
31542 43671 52532 46772 1
31566 43704 52573 46809 0
31589 43736 52611 46843 0
31605 43759 52638 46866 0
31652 43825 52717 46937 0
31666 43844 52740 46957 0
31697 43885 52790 47002 0
31729 43931 52845 47050 0
31760 43974 52896 47096 0
31829 44070 53012 47199 0
31845 44090 53037 47222 0
31861 44113 53064 47246 0
31904 44173 53136 47309 0
31924 44201 53170 47340 0
31966 44258 53239 47402 0
32018 44331 53326 47479 0
32116 44466 53489 47624 0
32132 44489 53516 47648 0
32148 44511 53542 47671 0
32293 44711 53783 47886 0
32304 44727 53802 47903 0
32342 44779 53865 47959 0
32425 44895 54004 48082 0
32452 44932 54049 48123 0
32471 44957 54079 48149 0
32497 44993 54123 48189 0
32522 45029 54165 48226 0
32594 45129 54286 48333 0
32604 45141 54301 48347 0
32635 45184 54353 48393 0
32669 45231 54409 48443 0
32692 45264 54448 48477 0
32767 45368 54573 48589 0
