-32768 -102400 -68800 -39825 1
-32766 -102394 -68796 -39822 0
-32739 -102310 -68740 -39790 1
-32728 -102275 -68716 -39776 1
-32724 -102263 -68708 -39772 1
-32709 -102216 -68677 -39754 0
-32701 -102191 -68660 -39744 1
-32654 -102044 -68561 -39687 0
-32623 -101947 -68496 -39649 0
-32596 -101863 -68439 -39616 1
-32570 -101781 -68384 -39584 1
-32521 -101629 -68282 -39525 0
-32504 -101575 -68246 -39504 1
-32493 -101541 -68223 -39491 0
-32464 -101451 -68162 -39456 0
-32407 -101272 -68042 -39387 0
-32400 -101251 -68028 -39378 0
-32339 -101060 -67900 -39304 0
-32327 -101022 -67874 -39289 0
-32322 -101007 -67864 -39283 0
-32307 -100960 -67833 -39266 0
-32187 -100585 -67581 -39120 0
-32171 -100535 -67547 -39100 1
-32168 -100525 -67541 -39097 1
-32110 -100344 -67419 -39025 1
-32072 -100226 -67339 -38980 0
-32068 -100213 -67331 -38975 1
-32063 -100197 -67320 -38969 1
-32031 -100097 -67253 -38930 1
-32001 -100004 -67190 -38893 0
-31947 -99835 -67076 -38827 0
-31913 -99729 -67006 -38786 0
-31907 -99710 -66993 -38779 1
-31906 -99707 -66991 -38778 0
-31849 -99528 -66871 -38709 1
-31737 -99178 -66636 -38573 1
-31703 -99072 -66564 -38530 0
-31651 -98910 -66455 -38468 0
-31648 -98900 -66449 -38464 1
-31643 -98885 -66438 -38458 1
-31553 -98603 -66249 -38349 1
-31503 -98447 -66144 -38287 1
-31440 -98251 -66012 -38211 0
-31405 -98141 -65939 -38169 1
-31390 -98094 -65907 -38151 0
-31377 -98053 -65879 -38134 1
-31330 -97906 -65781 -38077 1
-31268 -97713 -65651 -38002 0
-31236 -97613 -65584 -37964 0
-31134 -97294 -65369 -37839 1
-31088 -97150 -65273 -37784 1
-31083 -97135 -65263 -37778 0
-31064 -97075 -65223 -37755 1
-31022 -96944 -65134 -37704 0
-30953 -96729 -64990 -37620 0
-30906 -96581 -64891 -37562 1
-30845 -96391 -64763 -37488 1
-30827 -96335 -64725 -37466 0
-30798 -96244 -64664 -37431 1
-30783 -96197 -64632 -37413 1
-30770 -96156 -64605 -37397 1
-30668 -95838 -64391 -37273 1
-30656 -95800 -64366 -37259 1
-30639 -95747 -64330 -37238 0
-30631 -95722 -64313 -37228 0
-30621 -95691 -64292 -37215 1
-30596 -95613 -64241 -37187 1
-30577 -95554 -64200 -37162 0
-30488 -95276 -64013 -37054 0
-30454 -95169 -63942 -37013 0
-30395 -94985 -63818 -36941 0
-30373 -94916 -63772 -36915 0
-30244 -94513 -63501 -36758 0
-30226 -94456 -63462 -36735 1
-30215 -94422 -63440 -36723 1
-30100 -94063 -63199 -36583 1
-30091 -94035 -63180 -36571 0
-29945 -93578 -62873 -36394 1
-29891 -93410 -62760 -36328 1
-29802 -93131 -62572 -36220 1
-29800 -93125 -62569 -36219 1
-29765 -93016 -62496 -36176 0
-29746 -92957 -62456 -36153 0
-29582 -92444 -62111 -35953 0
-29564 -92388 -62073 -35931 0
-29536 -92301 -62014 -35897 0
-29453 -92041 -61841 -35797 1
-29445 -92016 -61824 -35787 1
-29281 -91504 -61480 -35588 0
-29256 -91425 -61426 -35557 1
-29157 -91116 -61219 -35437 0
-29119 -90997 -61138 -35390 1
-29027 -90710 -60946 -35279 0
-29018 -90681 -60926 -35267 1
-28978 -90556 -60842 -35218 1
-28884 -90263 -60646 -35106 1
-28823 -90072 -60517 -35031 0
-28823 -90072 -60517 -35031 1
-28728 -89776 -60318 -34915 0
-28660 -89563 -60175 -34832 0
-28621 -89441 -60094 -34786 1
-28580 -89313 -60007 -34735 0
-28577 -89304 -60002 -34733 0
-28536 -89175 -59915 -34683 1
-28418 -88806 -59667 -34538 1
-28367 -88647 -59560 -34477 1
-28249 -88279 -59313 -34334 0
-28240 -88251 -59294 -34323 0
-28171 -88035 -59148 -34238 1
-28170 -88032 -59147 -34237 0
-28135 -87922 -59072 -34194 1
-28102 -87819 -59004 -34154 0
-28052 -87663 -58899 -34094 1
-28042 -87631 -58877 -34081 1
-27991 -87472 -58770 -34020 1
-27943 -87322 -58670 -33961 0
-27780 -86813 -58328 -33764 1
-27771 -86785 -58308 -33752 1
-27756 -86738 -58277 -33734 0
-27751 -86722 -58267 -33728 0
-27750 -86719 -58265 -33727 0
-27693 -86541 -58145 -33658 1
-27630 -86344 -58012 -33580 1
-27491 -85910 -57721 -33412 0
-27491 -85910 -57721 -33412 1
-27478 -85869 -57694 -33396 0
-27452 -85788 -57639 -33365 0
-27421 -85691 -57574 -33327 0
-27364 -85513 -57454 -33257 1
-27317 -85366 -57356 -33201 1
-27299 -85310 -57318 -33179 1
-27289 -85279 -57297 -33167 0
-27218 -85057 -57148 -33081 0
-27199 -84997 -57107 -33057 1
-27150 -84844 -57005 -32998 0
-27141 -84816 -56986 -32987 0
-27118 -84744 -56937 -32958 1
-27035 -84485 -56763 -32858 1
-26993 -84353 -56675 -32806 1
-26960 -84251 -56606 -32767 0
-26948 -84213 -56581 -32752 0
-26827 -83835 -56326 -32604 0
-26827 -83835 -56326 -32604 1
-26791 -83722 -56251 -32561 0
-26727 -83522 -56117 -32483 0
-26720 -83500 -56102 -32475 1
-26651 -83285 -55957 -32391 1
-26647 -83272 -55948 -32386 1
-26645 -83266 -55945 -32384 0
-26548 -82963 -55741 -32266 0
-26512 -82851 -55666 -32222 0
-26431 -82597 -55495 -32124 0
-26398 -82494 -55426 -32083 0
-26374 -82419 -55375 -32054 0
-26287 -82147 -55192 -31948 1
-26286 -82144 -55190 -31947 0
-26218 -81931 -55047 -31864 1
-26210 -81906 -55031 -31855 1
-26184 -81825 -54976 -31823 1
-26150 -81719 -54905 -31782 0
-26118 -81619 -54838 -31743 1
-25982 -81194 -54552 -31578 1
-25969 -81153 -54525 -31562 1
-25889 -80904 -54358 -31465 0
-25787 -80585 -54143 -31341 1
-25771 -80535 -54110 -31321 0
-25697 -80304 -53955 -31232 0
-25642 -80131 -53838 -31164 1
-25608 -80026 -53767 -31123 0
-25231 -78847 -52975 -30665 1
-25218 -78807 -52948 -30649 0
-25196 -78738 -52902 -30622 0
-25016 -78176 -52524 -30404 0
-25010 -78156 -52511 -30397 1
-25006 -78144 -52503 -30391 0
-24977 -78053 -52442 -30356 1
-24945 -77953 -52375 -30317 1
-24942 -77944 -52369 -30314 1
-24908 -77838 -52298 -30273 1
-24881 -77753 -52241 -30241 1
-24800 -77501 -52071 -30141 0
-24785 -77454 -52040 -30124 0
-24766 -77394 -51999 -30100 0
-24742 -77319 -51949 -30070 1
-24737 -77303 -51938 -30065 1
-24729 -77278 -51921 -30055 1
-24682 -77131 -51822 -29997 1
-24663 -77072 -51783 -29975 0
-24619 -76935 -51691 -29922 1
-24560 -76750 -51567 -29850 1
-24554 -76731 -51554 -29842 1
-24551 -76722 -51547 -29838 1
-24535 -76672 -51514 -29819 1
-24500 -76563 -51441 -29777 1
-24498 -76556 -51436 -29774 1
-24443 -76385 -51321 -29707 1
-24377 -76179 -51183 -29628 0
-24261 -75816 -50939 -29487 0
-24248 -75776 -50912 -29471 0
-24209 -75653 -50829 -29422 1
-24182 -75569 -50773 -29390 0
-24166 -75519 -50739 -29371 1
-24162 -75506 -50731 -29366 1
-24123 -75385 -50649 -29319 1
-24028 -75088 -50450 -29203 1
-23954 -74857 -50295 -29114 0
-23941 -74816 -50267 -29097 1
-23921 -74754 -50225 -29073 0
-23889 -74654 -50159 -29035 0
-23875 -74610 -50128 -29017 1
-23834 -74482 -50043 -28968 0
-23827 -74460 -50028 -28959 1
-23823 -74447 -50019 -28954 0
-23779 -74310 -49927 -28900 0
-23754 -74232 -49875 -28871 0
-23751 -74222 -49868 -28866 0
-23735 -74172 -49834 -28846 1
-23717 -74116 -49797 -28825 0
-23660 -73938 -49678 -28756 1
-23653 -73916 -49662 -28747 0
-23606 -73769 -49564 -28690 1
-23599 -73747 -49548 -28681 1
-23583 -73697 -49515 -28662 0
-23559 -73622 -49465 -28633 0
-23548 -73588 -49442 -28620 0
-23512 -73475 -49366 -28576 1
-23403 -73135 -49138 -28444 1
-23329 -72903 -48982 -28353 1
-23201 -72503 -48713 -28198 1
-23187 -72460 -48684 -28181 1
-23136 -72300 -48577 -28119 1
-23117 -72241 -48537 -28096 1
-23109 -72216 -48521 -28086 1
-23082 -72131 -48463 -28053 1
-23078 -72119 -48455 -28048 0
-23063 -72072 -48423 -28030 0
-22952 -71726 -48191 -27896 0
-22897 -71554 -48075 -27828 0
-22884 -71513 -48048 -27813 1
-22848 -71400 -47972 -27768 1
-22841 -71378 -47958 -27761 1
-22826 -71332 -47927 -27743 0
-22780 -71188 -47830 -27686 1
-22774 -71169 -47817 -27680 0
-22662 -70819 -47582 -27543 0
-22567 -70522 -47382 -27428 0
-22557 -70491 -47361 -27416 1
-22524 -70388 -47293 -27376 1
-22519 -70372 -47281 -27369 1
-22513 -70353 -47269 -27362 1
-22457 -70179 -47152 -27295 0
-22414 -70044 -47061 -27241 1
-22324 -69763 -46872 -27132 0
-22282 -69631 -46784 -27082 1
-22238 -69494 -46692 -27028 0
-22232 -69476 -46679 -27020 0
-22192 -69350 -46595 -26972 1
-22039 -68872 -46273 -26785 1
-22037 -68866 -46269 -26783 1
-22017 -68803 -46228 -26759 1
-21957 -68616 -46102 -26687 0
-21940 -68563 -46066 -26666 0
-21925 -68516 -46034 -26647 0
-21923 -68510 -46030 -26645 1
-21834 -68231 -45843 -26536 1
-21826 -68207 -45827 -26527 0
-21736 -67926 -45637 -26417 0
-21659 -67685 -45476 -26324 0
-21571 -67410 -45291 -26217 0
-21501 -67191 -45144 -26132 0
-21434 -66982 -45003 -26050 0
-21400 -66876 -44932 -26009 0
-21353 -66729 -44834 -25953 0
-21327 -66647 -44778 -25920 0
-21265 -66453 -44648 -25845 1
-21198 -66244 -44508 -25764 1
-21172 -66163 -44454 -25732 1
-21154 -66106 -44415 -25710 1
-21142 -66069 -44390 -25695 0
-21082 -65881 -44264 -25623 1
-21080 -65875 -44260 -25620 1
-21072 -65850 -44243 -25611 1
-21057 -65803 -44212 -25592 1
-21015 -65672 -44123 -25541 1
-20986 -65582 -44063 -25506 0
-20978 -65557 -44047 -25497 0
-20936 -65426 -43958 -25445 0
-20883 -65260 -43846 -25381 0
-20882 -65257 -43845 -25380 0
-20863 -65197 -43804 -25356 1
-20841 -65128 -43758 -25330 1
-20828 -65088 -43731 -25314 0
-20814 -65044 -43702 -25297 0
-20796 -64988 -43664 -25275 0
-20718 -64744 -43500 -25180 0
-20563 -64260 -43175 -24992 0
-20552 -64225 -43151 -24978 1
-20504 -64076 -43051 -24920 0
-20503 -64072 -43048 -24918 0
-20369 -63653 -42767 -24756 1
-20344 -63576 -42715 -24726 0
-20306 -63456 -42634 -24679 1
-20224 -63200 -42463 -24580 1
-20204 -63138 -42421 -24556 0
-20159 -62997 -42326 -24501 0
-20106 -62832 -42215 -24436 0
-20105 -62828 -42213 -24435 1
-20078 -62744 -42156 -24402 1
-20040 -62626 -42077 -24357 0
-20029 -62591 -42054 -24344 1
-20020 -62563 -42035 -24332 1
-19968 -62400 -41925 -24269 1
-19936 -62301 -41858 -24229 0
-19795 -61860 -41562 -24058 1
-19785 -61829 -41542 -24047 0
-19782 -61819 -41535 -24043 0
-19728 -61650 -41421 -23977 1
-19718 -61619 -41400 -23965 0
-19658 -61431 -41274 -23892 1
-19598 -61244 -41149 -23819 1
-19570 -61157 -41090 -23785 0
-19525 -61016 -40996 -23731 0
-19515 -60985 -40975 -23718 0
-19467 -60835 -40873 -23659 0
-19423 -60697 -40781 -23606 0
-19386 -60581 -40703 -23561 1
-19272 -60226 -40464 -23423 0
-19251 -60160 -40420 -23397 1
-19146 -59832 -40200 -23270 0
-19115 -59735 -40135 -23232 0
-19026 -59457 -39948 -23124 0
-18993 -59354 -39879 -23084 0
-18973 -59291 -39836 -23059 1
-18951 -59222 -39790 -23033 1
-18947 -59210 -39781 -23027 1
-18902 -59069 -39687 -22973 0
-18899 -59060 -39681 -22970 1
-18886 -59019 -39654 -22954 0
-18788 -58713 -39448 -22835 1
-18731 -58535 -39328 -22765 0
-18730 -58532 -39327 -22765 0
-18706 -58457 -39276 -22735 0
-18578 -58057 -39007 -22580 0
-18570 -58031 -38990 -22570 1
-18565 -58016 -38980 -22564 0
-18492 -57788 -38826 -22475 0
-18464 -57700 -38768 -22441 1
-18336 -57300 -38499 -22285 1
-18168 -56775 -38146 -22081 1
-18115 -56610 -38035 -22016 1
-18088 -56526 -37978 -21983 0
-18044 -56388 -37886 -21931 1
-18001 -56254 -37796 -21878 0
-17948 -56088 -37684 -21814 1
-17897 -55928 -37577 -21752 1
-17863 -55822 -37505 -21710 1
-17769 -55529 -37309 -21597 0
-17753 -55478 -37274 -21576 1
-17658 -55181 -37075 -21461 1
-17584 -54951 -36920 -21371 0
-17560 -54876 -36869 -21342 0
-17546 -54831 -36840 -21325 1
-17432 -54476 -36601 -21186 0
-17317 -54116 -36359 -21047 1
-17252 -53913 -36223 -20968 0
-17188 -53713 -36089 -20890 1
-17154 -53606 -36017 -20849 1
-17111 -53472 -35927 -20797 1
-17090 -53407 -35883 -20771 0
-17059 -53310 -35818 -20734 0
-16998 -53119 -35689 -20659 1
-16931 -52910 -35549 -20578 0
-16927 -52897 -35540 -20573 0
-16912 -52851 -35509 -20555 0
-16905 -52829 -35495 -20546 0
-16812 -52538 -35299 -20433 0
-16578 -51806 -34807 -20148 1
-16565 -51766 -34781 -20133 0
-16514 -51606 -34673 -20071 1
-16511 -51597 -34667 -20067 0
-16385 -51203 -34403 -19914 1
-16384 -51200 -34400 -19913 1
-16383 -51197 -34398 -19911 1
-16333 -51041 -34294 -19852 0
-16326 -51019 -34279 -19842 1
-16324 -51013 -34274 -19840 0
-16206 -50644 -34027 -19697 0
-16082 -50257 -33767 -19546 0
-15799 -49372 -33172 -19202 1
-15788 -49338 -33149 -19189 1
-15764 -49263 -33099 -19160 1
-15749 -49216 -33067 -19141 1
-15737 -49178 -33042 -19127 1
-15723 -49135 -33013 -19110 0
-15718 -49119 -33002 -19103 1
-15576 -48676 -32704 -18931 0
-15529 -48529 -32606 -18874 0
-15495 -48422 -32533 -18832 0
-15464 -48325 -32469 -18795 1
-15461 -48316 -32462 -18791 0
-15274 -47732 -32070 -18564 0
-15220 -47563 -31956 -18498 0
-15208 -47525 -31931 -18484 1
-14942 -46694 -31373 -18161 0
-14900 -46563 -31284 -18109 0
-14847 -46397 -31173 -18045 0
-14843 -46385 -31165 -18040 1
-14726 -46019 -30919 -17898 0
-14714 -45981 -30894 -17884 1
-14709 -45966 -30884 -17878 1
-14678 -45869 -30819 -17840 0
-14664 -45825 -30789 -17822 1
-14645 -45766 -30749 -17799 0
-14576 -45550 -30605 -17716 1
-14550 -45469 -30550 -17684 1
-14526 -45394 -30499 -17655 0
-14488 -45275 -30420 -17608 1
-14439 -45122 -30316 -17549 1
-14377 -44928 -30186 -17474 1
-14347 -44835 -30123 -17437 1
-14346 -44832 -30122 -17436 0
-14250 -44532 -29920 -17320 0
-14247 -44522 -29913 -17316 1
-14243 -44510 -29905 -17311 0
-14230 -44469 -29878 -17295 1
-14218 -44431 -29852 -17280 1
-14211 -44410 -29838 -17272 0
-14153 -44228 -29716 -17202 1
-14090 -44032 -29584 -17125 0
-13941 -43566 -29271 -16944 1
-13905 -43453 -29195 -16900 1
-13887 -43397 -29157 -16878 0
-13855 -43297 -29090 -16839 0
-13852 -43288 -29084 -16835 0
-13850 -43282 -29080 -16833 0
-13846 -43269 -29072 -16829 0
-13816 -43175 -29009 -16792 1
-13743 -42947 -28855 -16703 0
-13741 -42941 -28851 -16701 1
-13739 -42935 -28847 -16698 0
-13730 -42907 -28828 -16687 0
-13728 -42901 -28824 -16685 0
-13701 -42816 -28767 -16652 1
-13691 -42785 -28746 -16640 0
-13608 -42526 -28572 -16539 0
-13602 -42507 -28560 -16533 0
-13583 -42447 -28519 -16508 0
-13501 -42191 -28347 -16409 1
-13418 -41932 -28173 -16308 0
-13418 -41931 -28172 -16307 1
-13368 -41776 -28068 -16247 0
-13342 -41694 -28014 -16216 0
-13238 -41369 -27795 -16090 1
-13223 -41322 -27763 -16071 0
-13125 -41016 -27558 -15952 1
-13034 -40732 -27367 -15842 0
-13026 -40706 -27349 -15831 1
-12972 -40538 -27237 -15767 1
-12916 -40363 -27119 -15698 0
-12857 -40178 -26995 -15626 1
-12854 -40169 -26989 -15622 0
-12813 -40041 -26903 -15573 1
-12767 -39897 -26806 -15517 0
-12749 -39841 -26769 -15496 0
-12711 -39722 -26688 -15449 1
-12701 -39691 -26667 -15437 1
-12693 -39666 -26651 -15427 0
-12560 -39250 -26371 -15265 1
-12470 -38969 -26182 -15156 0
-12450 -38906 -26140 -15131 1
-12347 -38585 -25924 -15006 1
-12316 -38488 -25859 -14969 1
-12253 -38291 -25727 -14892 0
-12232 -38226 -25683 -14866 0
-12171 -38035 -25555 -14793 1
-12079 -37747 -25362 -14681 0
-12067 -37710 -25336 -14666 0
-12036 -37613 -25272 -14629 1
-12027 -37585 -25252 -14617 1
-11974 -37419 -25141 -14553 0
-11874 -37107 -24932 -14432 0
-11830 -36969 -24839 -14378 0
-11770 -36781 -24712 -14305 1
-11687 -36522 -24538 -14204 1
-11672 -36476 -24507 -14186 0
-11671 -36472 -24505 -14185 1
-11627 -36335 -24413 -14132 0
-11602 -36256 -24359 -14100 1
-11575 -36172 -24303 -14068 0
-11499 -35935 -24144 -13976 1
-11491 -35910 -24127 -13966 0
-11483 -35885 -24110 -13956 1
-11456 -35800 -24053 -13923 1
-11396 -35613 -23928 -13851 1
-11383 -35572 -23900 -13835 0
-11311 -35347 -23749 -13747 0
-11252 -35163 -23625 -13675 0
-11245 -35141 -23611 -13667 1
-11234 -35107 -23588 -13654 0
-11144 -34825 -23398 -13544 1
-11105 -34704 -23317 -13497 0
-11103 -34697 -23312 -13495 0
-11061 -34566 -23224 -13444 0
-11017 -34428 -23131 -13390 1
-10992 -34351 -23079 -13360 0
-10860 -33938 -22803 -13199 1
-10821 -33816 -22721 -13152 0
-10807 -33772 -22690 -13135 0
-10797 -33741 -22670 -13123 1
-10773 -33666 -22619 -13094 1
-10740 -33563 -22551 -13054 1
-10735 -33547 -22540 -13048 0
-10699 -33435 -22464 -13004 1
-10620 -33188 -22299 -12908 1
-10609 -33153 -22275 -12894 1
-10517 -32866 -22082 -12782 0
-10511 -32847 -22069 -12775 0
-10443 -32635 -21926 -12692 1
-10435 -32610 -21910 -12683 0
-10409 -32528 -21855 -12651 1
-10256 -32051 -21534 -12465 0
-10199 -31872 -21414 -12395 0
-10132 -31663 -21274 -12315 1
-10078 -31494 -21160 -12249 1
-10012 -31288 -21022 -12168 1
-9945 -31079 -20882 -12088 0
-9941 -31066 -20873 -12083 0
-9941 -31066 -20872 -12082 1
-9870 -30844 -20724 -11996 1
-9843 -30760 -20667 -11963 0
-9634 -30107 -20228 -11709 0
-9554 -29856 -20059 -11612 1
-9532 -29788 -20014 -11585 0
-9463 -29572 -19868 -11501 0
-9456 -29550 -19855 -11493 1
-9403 -29385 -19743 -11429 1
-9383 -29322 -19701 -11404 0
-9299 -29060 -19525 -11302 1
-9247 -28897 -19415 -11239 1
-9241 -28879 -19404 -11232 0
-9188 -28713 -19291 -11167 0
-9151 -28597 -19213 -11121 1
-9134 -28544 -19178 -11101 1
-9092 -28413 -19091 -11051 1
-9050 -28282 -19002 -11000 0
-9022 -28194 -18943 -10965 0
-8881 -27754 -18647 -10794 0
-8873 -27728 -18630 -10784 1
-8804 -27513 -18485 -10700 0
-8764 -27388 -18401 -10652 0
-8694 -27169 -18254 -10567 1
-8687 -27147 -18239 -10557 1
-8530 -26656 -17909 -10367 1
-8439 -26372 -17718 -10256 0
-8423 -26322 -17685 -10237 0
-8410 -26282 -17658 -10221 0
-8296 -25925 -17419 -10083 1
-8193 -25603 -17203 -9958 1
-8192 -25600 -17200 -9956 1
-8191 -25597 -17198 -9955 1
-8057 -25178 -16917 -9793 1
-8048 -25150 -16898 -9782 1
-8009 -25029 -16817 -9735 0
-7992 -24975 -16781 -9714 1
-7833 -24478 -16446 -9520 1
-7784 -24325 -16344 -9461 1
-7753 -24229 -16279 -9424 0
-7693 -24041 -16153 -9350 0
-7681 -24003 -16128 -9336 1
-7574 -23669 -15903 -9206 1
-7572 -23663 -15898 -9203 0
-7553 -23604 -15859 -9180 0
-7508 -23463 -15764 -9125 1
-7493 -23416 -15733 -9107 1
-7480 -23376 -15706 -9091 0
-7399 -23122 -15535 -8993 0
-7339 -22935 -15410 -8920 1
-7326 -22894 -15382 -8904 0
-7323 -22885 -15376 -8901 0
-7240 -22625 -15201 -8799 1
-7113 -22228 -14934 -8645 1
-7068 -22088 -14841 -8591 1
-7066 -22082 -14837 -8588 0
-6944 -21701 -14580 -8440 0
-6941 -21691 -14574 -8437 0
-6927 -21647 -14544 -8419 0
-6910 -21594 -14509 -8399 1
-6900 -21563 -14488 -8386 0
-6819 -21310 -14318 -8288 1
-6689 -20903 -14044 -8129 1
-6532 -20413 -13716 -7940 1
-6526 -20394 -13702 -7932 1
-6516 -20363 -13681 -7919 0
-6470 -20219 -13585 -7864 1
-6437 -20116 -13516 -7824 1
-6349 -19841 -13331 -7717 0
-6335 -19797 -13301 -7699 1
-6324 -19763 -13278 -7686 0
-6311 -19722 -13251 -7671 0
-6310 -19719 -13249 -7670 0
-6300 -19688 -13228 -7657 0
-6280 -19626 -13186 -7633 0
-6249 -19528 -13121 -7596 1
-6240 -19501 -13102 -7584 0
-6145 -19204 -12903 -7469 0
-6119 -19122 -12848 -7438 0
-6055 -18922 -12713 -7359 0
-5948 -18588 -12489 -7230 0
-5947 -18585 -12487 -7228 0
-5884 -18388 -12354 -7151 0
-5873 -18354 -12332 -7139 0
-5835 -18235 -12251 -7092 0
-5749 -17966 -12071 -6988 0
-5717 -17866 -12004 -6949 1
-5686 -17769 -11939 -6911 0
-5670 -17719 -11905 -6891 1
-5641 -17629 -11845 -6857 0
-5621 -17566 -11802 -6832 1
-5603 -17510 -11765 -6810 1
-5596 -17488 -11749 -6801 0
-5523 -17260 -11596 -6712 1
-5505 -17203 -11559 -6691 1
-5496 -17176 -11540 -6680 0
-5496 -17175 -11540 -6680 1
-5461 -17066 -11466 -6637 1
-5442 -17007 -11427 -6615 0
-5424 -16951 -11389 -6593 0
-5397 -16866 -11332 -6560 1
-5377 -16804 -11290 -6535 0
-5190 -16219 -10897 -6308 1
-5184 -16200 -10885 -6301 1
-5110 -15969 -10729 -6211 0
-5107 -15960 -10723 -6208 1
-5039 -15747 -10580 -6125 0
-4992 -15601 -10482 -6068 0
-4968 -15525 -10431 -6038 1
-4868 -15213 -10221 -5917 0
-4859 -15185 -10203 -5906 0
-4774 -14919 -10024 -5803 0
-4726 -14769 -9923 -5744 1
-4687 -14647 -9841 -5697 1
-4609 -14403 -9678 -5602 1
-4590 -14344 -9637 -5578 0
-4540 -14188 -9533 -5518 0
-4487 -14022 -9421 -5454 1
-4466 -13956 -9377 -5428 1
-4330 -13531 -9091 -5263 1
-4277 -13366 -8981 -5199 0
-4203 -13135 -8825 -5109 1
-4151 -12972 -8715 -5045 0
-4119 -12872 -8648 -5006 0
-4097 -12803 -8603 -4980 1
-4096 -12800 -8600 -4978 1
-4095 -12797 -8598 -4977 1
-4067 -12710 -8540 -4943 1
-4043 -12635 -8489 -4914 1
-3958 -12369 -8310 -4810 1
-3887 -12147 -8161 -4724 1
-3852 -12038 -8088 -4681 0
-3801 -11879 -7982 -4621 0
-3799 -11872 -7977 -4617 1
-3743 -11697 -7859 -4549 1
-3713 -11604 -7797 -4514 0
-3661 -11441 -7687 -4450 1
-3544 -11076 -7441 -4307 0
-3442 -10757 -7228 -4184 0
-3431 -10722 -7204 -4170 0
-3427 -10710 -7196 -4166 1
-3399 -10622 -7137 -4131 1
-3314 -10356 -6958 -4028 1
-3296 -10300 -6921 -4007 1
-3289 -10279 -6907 -3998 0
-3265 -10203 -6856 -3969 1
-3193 -9979 -6705 -3881 0
-3110 -9719 -6530 -3780 0
-3029 -9466 -6360 -3681 1
-2919 -9122 -6129 -3548 0
-2868 -8963 -6023 -3486 1
-2863 -8947 -6012 -3480 0
-2838 -8869 -5959 -3450 0
-2822 -8819 -5925 -3430 1
-2780 -8688 -5837 -3379 0
-2689 -8403 -5646 -3269 1
-2677 -8366 -5621 -3254 0
-2673 -8353 -5613 -3249 1
-2663 -8322 -5591 -3236 1
-2616 -8175 -5493 -3180 1
-2615 -8172 -5490 -3178 1
-2591 -8097 -5440 -3149 1
-2569 -8029 -5395 -3123 0
-2569 -8028 -5394 -3122 1
-2536 -7926 -5325 -3083 0
-2506 -7831 -5262 -3046 1
-2502 -7819 -5254 -3041 0
-2365 -7391 -4966 -2875 0
-2212 -6913 -4645 -2689 1
-2205 -6891 -4631 -2681 0
-2203 -6885 -4626 -2678 1
-2199 -6872 -4617 -2673 1
-2156 -6738 -4528 -2621 1
-2064 -6450 -4334 -2509 1
-2049 -6403 -4303 -2491 1
-2048 -6400 -4300 -2490 1
-2047 -6397 -4298 -2488 1
-2026 -6331 -4254 -2463 1
-2024 -6326 -4250 -2460 0
-1995 -6235 -4189 -2425 0
-1872 -5851 -3931 -2276 0
-1849 -5779 -3883 -2248 0
-1778 -5557 -3734 -2161 0
-1693 -5291 -3555 -2058 1
-1687 -5272 -3542 -2051 0
-1633 -5104 -3430 -1986 0
-1629 -5091 -3421 -1981 0
-1589 -4966 -3337 -1932 0
-1579 -4935 -3316 -1920 1
-1561 -4878 -3278 -1898 1
-1535 -4797 -3223 -1866 1
-1519 -4747 -3190 -1847 0
-1515 -4735 -3181 -1841 0
-1447 -4522 -3038 -1759 0
-1421 -4441 -2984 -1727 1
-1395 -4360 -2930 -1696 0
-1340 -4188 -2814 -1629 1
-1336 -4176 -2806 -1624 0
-1307 -4085 -2745 -1589 0
-1300 -4063 -2729 -1580 0
-1288 -4025 -2705 -1566 1
-1229 -3841 -2581 -1494 0
-1227 -3835 -2576 -1491 0
-1213 -3791 -2547 -1475 0
-1137 -3553 -2388 -1382 1
-1071 -3347 -2248 -1301 1
-1025 -3203 -2153 -1246 1
-1024 -3200 -2150 -1245 1
-1023 -3197 -2148 -1244 1
-993 -3103 -2085 -1207 1
-929 -2903 -1951 -1130 1
-899 -2810 -1888 -1093 0
-863 -2697 -1812 -1049 1
-851 -2660 -1787 -1034 0
-804 -2513 -1688 -978 0
-791 -2472 -1661 -962 1
-766 -2394 -1609 -931 1
-757 -2366 -1590 -920 0
-630 -1969 -1323 -766 0
-571 -1785 -1199 -694 1
-513 -1603 -1078 -624 1
-512 -1600 -1075 -623 1
-511 -1597 -1073 -621 1
-502 -1569 -1054 -610 0
-450 -1407 -945 -547 0
-433 -1353 -909 -526 1
-425 -1329 -894 -517 0
-363 -1135 -763 -442 0
-325 -1016 -683 -395 0
-318 -994 -668 -387 1
-263 -822 -552 -320 1
-255 -797 -535 -310 1
-254 -794 -534 -309 1
-253 -791 -532 -308 1
-252 -788 -530 -306 1
-251 -785 -527 -305 1
-250 -781 -525 -304 1
-249 -778 -523 -303 1
-248 -775 -521 -302 1
-247 -772 -518 -300 1
-246 -769 -517 -300 1
-245 -766 -515 -298 1
-244 -763 -513 -298 1
-243 -760 -510 -296 1
-242 -756 -508 -294 1
-241 -753 -506 -293 1
-240 -750 -505 -292 1
-239 -747 -502 -290 1
-238 -744 -500 -290 1
-237 -741 -498 -288 1
-236 -738 -496 -287 1
-235 -735 -494 -286 1
-234 -731 -491 -285 1
-233 -728 -489 -283 1
-232 -725 -488 -283 1
-231 -722 -485 -281 1
-230 -719 -483 -279 1
-229 -716 -481 -279 1
-228 -713 -479 -277 1
-227 -710 -477 -276 1
-226 -706 -474 -275 1
-225 -703 -473 -274 1
-224 -700 -471 -273 1
-223 -697 -468 -271 1
-222 -694 -466 -269 1
-221 -691 -464 -269 1
-220 -688 -463 -268 1
-219 -685 -460 -266 1
-218 -681 -457 -265 1
-217 -679 -457 -265 0
-217 -678 -456 -264 1
-216 -675 -454 -263 1
-215 -672 -452 -262 1
-214 -669 -450 -261 1
-213 -666 -447 -259 1
-212 -663 -446 -259 1
-211 -660 -443 -257 1
-210 -656 -441 -255 1
-209 -653 -439 -254 1
-208 -650 -437 -253 1
-207 -647 -435 -252 1
-206 -644 -433 -251 1
-205 -641 -431 -250 1
-204 -638 -429 -249 1
-203 -635 -426 -247 1
-202 -631 -424 -245 1
-201 -628 -422 -244 1
-200 -625 -420 -243 1
-199 -622 -418 -242 1
-198 -619 -416 -241 1
-197 -616 -414 -240 1
-196 -613 -413 -239 1
-195 -610 -410 -237 1
-194 -606 -407 -236 1
-193 -603 -406 -236 1
-192 -600 -403 -234 1
-191 -597 -401 -232 1
-190 -594 -399 -232 1
-189 -591 -397 -230 1
-188 -588 -396 -230 1
-187 -585 -393 -228 1
-186 -581 -391 -226 1
-185 -578 -389 -225 1
-184 -575 -387 -224 1
-183 -572 -384 -222 1
-182 -569 -382 -222 1
-181 -566 -381 -221 1
-180 -563 -379 -220 1
-179 -560 -376 -218 1
-178 -556 -374 -217 1
-177 -553 -372 -215 1
-176 -550 -370 -215 1
-175 -547 -367 -213 1
-174 -544 -365 -211 1
-173 -541 -364 -211 1
-172 -538 -362 -210 1
-171 -535 -360 -208 1
-170 -531 -357 -207 1
-169 -528 -355 -205 1
-168 -525 -353 -204 1
-167 -522 -350 -203 1
-166 -519 -349 -202 1
-165 -516 -347 -201 1
-164 -513 -345 -200 1
-163 -510 -343 -199 1
-162 -506 -340 -197 1
-161 -503 -338 -196 1
-160 -500 -336 -194 1
-159 -497 -334 -193 1
-158 -494 -332 -193 1
-157 -491 -330 -191 1
-156 -488 -328 -190 1
-155 -485 -326 -189 1
-154 -481 -323 -187 1
-153 -478 -321 -186 1
-152 -475 -320 -185 1
-151 -472 -317 -184 1
-150 -469 -315 -183 1
-149 -466 -313 -181 1
-148 -463 -311 -181 1
-147 -460 -309 -179 1
-146 -456 -306 -177 1
-145 -453 -304 -176 1
-144 -450 -303 -176 1
-143 -447 -300 -174 1
-142 -444 -299 -173 1
-141 -441 -297 -172 1
-140 -438 -294 -170 1
-139 -435 -292 -169 1
-138 -432 -290 -168 0
-138 -431 -290 -168 1
-137 -428 -288 -166 1
-136 -425 -286 -166 1
-135 -422 -283 -164 1
-134 -419 -282 -163 1
-133 -416 -280 -162 1
-132 -413 -278 -161 1
-131 -410 -275 -160 1
-130 -406 -273 -158 1
-129 -403 -271 -157 1
-128 -400 -269 -156 1
-127 -397 -267 -155 1
-126 -394 -265 -154 1
-125 -391 -263 -152 1
-124 -388 -261 -151 1
-123 -385 -258 -149 1
-122 -381 -256 -149 1
-121 -378 -254 -147 1
-120 -375 -253 -147 1
-119 -372 -250 -145 1
-118 -369 -248 -144 1
-117 -366 -246 -143 1
-116 -363 -244 -141 1
-115 -360 -241 -139 1
-114 -356 -239 -139 1
-113 -353 -238 -138 1
-112 -350 -236 -137 1
-111 -347 -233 -135 1
-110 -344 -231 -134 1
-109 -341 -229 -133 1
-108 -338 -228 -132 1
-107 -335 -225 -131 1
-106 -331 -222 -128 1
-105 -328 -221 -129 1
-104 -325 -219 -127 1
-103 -322 -216 -125 1
-102 -319 -214 -124 1
-101 -316 -212 -123 1
-100 -313 -211 -122 1
-99 -310 -208 -121 1
-98 -306 -206 -119 1
-97 -303 -204 -119 1
-96 -300 -202 -117 1
-95 -297 -200 -116 0
-95 -297 -200 -116 1
-94 -294 -197 -114 1
-93 -291 -196 -113 1
-92 -288 -194 -112 1
-91 -285 -191 -111 1
-90 -281 -189 -110 1
-89 -278 -187 -108 1
-88 -275 -185 -108 1
-87 -272 -183 -106 1
-86 -269 -181 -105 1
-85 -266 -179 -104 1
-84 -263 -177 -103 1
-83 -260 -175 -101 1
-82 -256 -172 -100 1
-81 -253 -170 -98 1
-80 -250 -168 -98 1
-79 -247 -166 -96 1
-78 -244 -164 -95 1
-77 -241 -162 -94 1
-76 -238 -160 -93 1
-75 -235 -158 -92 1
-74 -231 -156 -90 1
-73 -228 -153 -89 1
-72 -225 -151 -87 1
-71 -222 -149 -86 1
-70 -219 -147 -85 1
-69 -216 -146 -84 1
-68 -213 -144 -84 1
-67 -210 -141 -82 1
-66 -206 -139 -81 1
-65 -203 -137 -80 1
-64 -200 -135 -78 1
-63 -197 -132 -77 1
-62 -194 -130 -75 1
-61 -191 -129 -75 1
-60 -188 -127 -73 1
-59 -185 -124 -72 1
-58 -181 -122 -71 1
-57 -178 -120 -70 1
-56 -175 -118 -69 1
-55 -172 -115 -67 1
-54 -169 -114 -66 1
-53 -166 -112 -65 1
-52 -163 -110 -63 1
-51 -160 -107 -62 1
-50 -156 -105 -61 1
-49 -153 -103 -60 1
-48 -150 -101 -59 1
-47 -147 -98 -57 1
-46 -144 -97 -57 1
-45 -141 -95 -55 1
-44 -138 -93 -54 1
-43 -135 -91 -53 1
-42 -131 -88 -51 1
-41 -128 -86 -50 1
-40 -125 -85 -49 1
-39 -122 -82 -47 1
-38 -119 -80 -46 1
-37 -116 -78 -45 1
-36 -113 -76 -44 1
-35 -110 -74 -43 1
-34 -106 -71 -42 1
-33 -103 -69 -40 1
-32 -100 -68 -40 1
-31 -97 -65 -38 1
-30 -94 -63 -36 1
-29 -91 -61 -36 1
-28 -88 -59 -34 0
-28 -88 -59 -34 1
-27 -85 -57 -33 1
-26 -81 -54 -32 1
-25 -78 -53 -31 1
-24 -75 -51 -30 1
-23 -72 -48 -28 1
-22 -69 -47 -28 1
-21 -66 -44 -25 1
-20 -63 -43 -25 1
-19 -60 -40 -23 1
-18 -56 -37 -22 1
-17 -53 -36 -21 1
-16 -50 -34 -20 1
-15 -47 -32 -18 1
-14 -44 -30 -18 1
-13 -41 -28 -16 1
-12 -38 -26 -16 1
-11 -35 -23 -14 1
-10 -31 -21 -12 1
-9 -28 -19 -11 1
-8 -25 -17 -10 1
-7 -22 -15 -9 1
-6 -19 -13 -8 1
-5 -16 -11 -7 1
-4 -13 -9 -5 1
-3 -10 -6 -4 1
-2 -6 -4 -2 1
-1 -3 -3 -2 1
2 6 4 3 0
3 9 6 3 0
4 12 8 5 0
5 15 10 5 0
6 18 12 7 0
7 21 14 8 0
8 24 16 9 0
9 28 19 11 0
10 31 21 11 0
11 34 23 13 0
12 37 25 15 0
13 40 27 16 0
14 43 28 17 0
15 46 31 18 0
16 49 33 19 0
17 53 35 20 0
18 56 38 22 0
19 59 39 23 0
20 62 42 24 0
21 65 44 26 0
22 68 45 25 0
23 71 47 27 0
24 74 50 29 0
25 78 52 30 0
26 81 54 31 0
27 84 56 32 0
28 87 59 34 0
29 90 60 35 0
30 93 62 36 0
31 96 64 37 0
32 99 67 39 0
33 103 69 40 0
34 106 71 41 0
35 109 73 42 0
36 112 76 44 0
37 115 77 44 0
38 118 79 46 0
39 121 81 46 0
40 124 84 48 0
41 128 86 50 0
42 131 88 51 0
43 134 89 51 0
44 137 92 54 0
45 140 94 54 0
46 143 96 56 0
47 146 98 57 0
48 149 100 58 0
49 153 103 59 0
50 156 105 60 0
51 159 106 61 0
52 162 109 63 0
52 162 109 63 1
53 165 111 64 0
54 168 113 65 0
55 171 115 67 0
56 174 117 68 0
57 178 120 69 0
58 181 121 70 0
59 184 123 71 0
60 187 126 73 0
61 190 128 74 0
62 193 130 75 0
63 196 131 76 0
64 199 134 77 0
65 203 137 79 0
66 206 138 80 0
67 209 140 81 0
68 212 142 82 0
69 215 144 83 0
70 218 147 85 0
71 221 148 85 0
72 224 151 87 0
73 228 153 88 0
74 231 155 89 0
75 234 157 91 0
76 237 159 91 0
77 240 161 93 0
78 243 163 94 0
79 246 165 95 0
80 249 168 97 0
81 253 170 98 0
82 256 172 99 0
83 259 174 100 0
84 262 176 101 0
85 265 178 103 0
86 268 180 104 0
87 271 181 105 0
88 274 184 107 0
89 278 187 108 0
90 281 188 108 0
91 284 191 110 0
92 287 193 112 0
93 290 195 112 0
94 293 197 114 0
95 296 198 114 0
96 299 201 116 0
97 303 203 118 0
98 306 205 119 0
99 309 207 120 0
100 312 210 122 0
101 315 212 122 0
102 318 213 123 0
103 321 215 124 0
104 324 218 126 0
105 328 220 127 0
106 331 222 129 0
106 331 222 129 1
107 334 224 129 0
108 337 227 131 0
109 340 229 133 0
110 343 230 133 0
111 346 232 134 0
112 349 234 136 0
113 353 237 137 0
114 356 239 138 0
115 359 241 139 0
116 362 244 141 0
117 365 245 142 0
118 368 247 142 0
119 371 249 144 0
120 374 251 145 0
121 378 254 147 0
122 381 256 148 0
123 384 258 149 0
124 387 260 150 0
125 390 262 151 0
126 393 264 153 0
127 396 266 153 0
128 399 268 155 0
129 403 271 157 0
130 406 273 158 0
131 409 274 159 0
132 412 277 160 0
133 415 279 161 0
134 418 281 163 0
135 421 283 163 0
136 424 285 165 0
137 428 288 167 0
138 431 290 168 0
139 434 291 168 0
140 437 294 170 0
141 440 295 171 0
142 443 297 172 0
143 446 300 174 0
144 449 302 175 0
145 453 304 176 0
146 456 306 177 0
147 459 308 178 0
148 462 311 180 0
149 465 312 180 0
150 468 314 182 0
151 471 316 183 0
152 474 319 184 0
153 478 321 186 0
154 481 323 187 0
155 484 325 188 0
156 487 327 189 0
157 490 329 190 0
158 493 331 191 0
159 496 333 192 0
160 499 336 195 0
161 503 338 195 0
161 503 338 195 1
162 506 340 197 0
163 509 341 197 0
164 512 344 199 0
165 515 346 200 0
166 518 348 201 0
167 521 350 202 0
168 524 353 204 0
169 528 355 205 0
169 528 355 205 1
170 531 356 206 0
171 534 358 207 0
172 537 361 209 0
173 540 363 210 0
174 543 365 211 0
175 546 366 212 0
176 549 369 213 0
177 553 372 216 0
178 556 373 215 0
179 559 375 217 0
180 562 378 219 0
181 565 380 220 0
182 568 382 221 0
183 571 383 221 0
184 574 386 223 0
185 578 388 225 0
186 581 390 225 0
187 584 392 227 0
188 587 394 228 0
189 590 397 229 0
190 593 398 230 0
191 596 400 231 0
192 599 403 233 0
193 603 405 234 0
194 606 407 236 0
195 609 409 236 0
196 612 411 238 0
197 615 413 239 0
198 618 415 240 0
199 621 417 241 0
200 624 419 243 0
201 628 422 244 0
202 631 424 246 0
203 634 426 246 0
204 637 428 248 0
205 640 430 249 0
206 643 432 250 0
207 646 434 251 0
208 649 436 252 0
209 653 438 253 0
210 656 441 255 0
211 659 443 257 0
212 662 445 258 0
213 665 447 259 0
214 668 448 260 0
215 671 450 260 0
216 674 453 262 0
217 678 455 263 0
218 681 457 264 0
219 684 459 266 0
220 687 462 267 0
221 690 464 269 0
222 693 465 269 0
223 696 467 270 0
224 699 470 272 0
225 703 472 273 0
226 706 474 274 0
227 709 476 275 0
228 712 479 277 0
229 715 480 278 0
230 718 482 279 0
230 719 483 279 1
231 721 484 280 0
232 724 487 282 0
233 728 489 283 0
234 731 491 284 0
235 734 493 285 0
236 737 496 287 0
237 740 497 287 0
238 743 499 289 0
239 746 501 290 0
240 749 503 291 0
241 753 506 293 0
242 756 508 294 0
243 759 509 294 0
244 762 512 297 0
245 765 514 298 0
246 768 516 299 0
247 771 518 300 0
248 774 520 301 0
249 778 523 302 0
250 781 525 304 0
251 784 526 304 0
252 787 529 306 0
253 790 531 307 0
254 793 533 308 0
255 796 535 310 0
256 799 537 311 0
259 809 543 314 1
359 1121 753 435 0
402 1256 844 489 1
464 1450 974 564 1
499 1559 1047 606 0
511 1597 1072 621 1
512 1599 1074 622 0
513 1603 1077 623 0
549 1715 1152 666 1
553 1728 1161 672 1
557 1740 1169 676 1
563 1759 1181 683 1
594 1856 1247 722 1
614 1918 1288 746 0
647 2021 1358 786 0
670 2094 1407 814 1
779 2434 1635 946 1
814 2543 1708 989 0
914 2856 1919 1111 1
1023 3196 2147 1242 0
1024 3199 2149 1244 0
1025 3203 2152 1246 0
1048 3275 2200 1273 1
1103 3447 2316 1341 1
1115 3484 2341 1355 0
1149 3590 2412 1396 0
1163 3634 2441 1413 1
1174 3669 2465 1427 1
1203 3759 2525 1462 1
1315 4109 2761 1598 1
1367 4271 2869 1661 0
1369 4278 2874 1664 0
1379 4309 2894 1675 0
1385 4328 2908 1683 1
1444 4512 3032 1755 0
1450 4531 3044 1762 1
1480 4625 3107 1798 1
1560 4874 3275 1895 0
1588 4962 3334 1929 0
1674 5231 3515 2035 0
1714 5356 3598 2082 0
1827 5709 3835 2220 0
1939 6059 4071 2356 0
1995 6234 4188 2424 1
2001 6253 4202 2432 1
2028 6337 4258 2465 0
2032 6349 4266 2469 0
2039 6371 4280 2477 0
2047 6396 4297 2487 0
2048 6399 4299 2489 0
2049 6403 4302 2490 0
2057 6428 4319 2500 1
2080 6500 4367 2527 1
2186 6831 4590 2657 1
2277 7115 4780 2767 1
2326 7268 4883 2826 0
2366 7394 4968 2876 1
2389 7465 5015 2903 1
2394 7481 5026 2910 1
2404 7512 5047 2921 1
2450 7656 5144 2978 0
2473 7728 5192 3005 0
2526 7893 5303 3069 0
2548 7962 5350 3097 0
2573 8040 5402 3127 1
2592 8100 5442 3150 1
2618 8181 5496 3181 1
2654 8293 5572 3226 0
2674 8356 5614 3250 1
2711 8472 5692 3294 1
2723 8509 5716 3308 0
2734 8543 5740 3322 0
2800 8750 5879 3403 1
2843 8884 5969 3454 0
2929 9153 6150 3560 0
2958 9244 6211 3595 1
2993 9353 6284 3638 1
2999 9372 6297 3644 1
3173 9915 6662 3856 1
3188 9962 6694 3874 0
3263 10196 6850 3965 0
3289 10278 6906 3998 1
3314 10356 6958 4027 0
3349 10465 7031 4070 1
3359 10496 7051 4081 0
3367 10521 7068 4091 0
3405 10640 7149 4138 1
3420 10687 7181 4156 0
3496 10925 7340 4249 1
3520 11000 7390 4278 1
3576 11174 7508 4346 0
3660 11437 7684 4448 0
3677 11490 7720 4469 0
3677 11490 7720 4469 1
3680 11500 7726 4472 1
3691 11534 7749 4486 1
3707 11584 7783 4505 1
3796 11862 7969 4613 1
3868 12087 8121 4701 1
3884 12137 8154 4719 1
3895 12171 8177 4733 0
3931 12284 8253 4777 0
3958 12369 8310 4810 1
3965 12390 8325 4819 0
4002 12506 8403 4864 1
4010 12531 8419 4873 1
4016 12549 8431 4880 0
4057 12678 8518 4931 1
4072 12724 8549 4949 0
4095 12796 8597 4976 0
4096 12799 8599 4978 0
4097 12803 8602 4979 0
4103 12822 8614 4986 1
4149 12965 8711 5042 0
4161 13003 8737 5057 0
4240 13250 8902 5152 1
4252 13287 8927 5167 1
4306 13456 9041 5233 0
4366 13643 9166 5306 0
4399 13746 9235 5345 0
4473 13978 9392 5437 1
4479 13997 9404 5443 1
4508 14087 9464 5478 1
4596 14362 9650 5586 0
4656 14549 9775 5658 0
4786 14956 10048 5816 0
4796 14987 10069 5828 1
4824 15075 10128 5863 1
4828 15087 10136 5867 1
4839 15122 10160 5881 1
4967 15522 10429 6036 1
4998 15618 10493 6074 0
5022 15693 10543 6103 0
5040 15749 10581 6125 0
5044 15762 10591 6131 0
5078 15868 10661 6171 0
5088 15900 10682 6183 1
5100 15937 10707 6198 1
5120 15999 10749 6222 0
5165 16140 10844 6277 0
5203 16259 10924 6323 1
5204 16262 10926 6325 1
5207 16272 10932 6328 1
5220 16312 10960 6344 0
5235 16359 10991 6362 0
5271 16471 11066 6405 0
5286 16518 11098 6423 0
5393 16853 11323 6554 0
5433 16978 11407 6602 1
5456 17049 11455 6630 0
5499 17184 11545 6683 0
5545 17328 11642 6739 0
5553 17353 11659 6749 1
5609 17528 11777 6817 1
5669 17715 11902 6889 1
5899 18434 12385 7169 1
5926 18519 12443 7203 1
5945 18578 12482 7225 1
5961 18628 12516 7245 0
6025 18828 12650 7322 1
6066 18956 12736 7372 1
6140 19187 12891 7462 1
6141 19190 12894 7464 1
6151 19221 12914 7476 0
6165 19265 12944 7493 0
6166 19268 12945 7493 0
6187 19334 12990 7519 1
6188 19337 12992 7520 1
6198 19368 13013 7532 0
6215 19422 13049 7553 1
6304 19700 13235 7661 1
6408 20024 13454 7788 0
6420 20062 13479 7802 0
6453 20165 13549 7843 0
6454 20168 13550 7843 0
6513 20353 13675 7915 0
6520 20374 13689 7923 0
6568 20524 13790 7982 0
6629 20715 13918 8057 0
6640 20749 13941 8070 0
6653 20790 13969 8086 0
6709 20965 14086 8154 1
6744 21075 14159 8196 1
6762 21131 14197 8218 1
6864 21450 14411 8341 1
6904 21575 14495 8390 1
6970 21781 14634 8471 1
6975 21796 14644 8477 0
6977 21803 14649 8479 1
7020 21937 14739 8531 1
7049 22028 14800 8567 1
7151 22346 15013 8690 0
7181 22440 15077 8727 1
7247 22646 15215 8807 0
7264 22700 15251 8828 1
7392 23100 15520 8984 1
7442 23256 15625 9044 0
7456 23300 15654 9061 1
7537 23553 15825 9160 1
7589 23715 15934 9223 1
7593 23728 15942 9228 1
7608 23775 15974 9246 1
7633 23853 16027 9277 1
7788 24337 16352 9465 0
7848 24525 16477 9537 1
7859 24559 16500 9551 0
7876 24612 16536 9571 0
8067 25209 16937 9804 0
8087 25272 16979 9828 1
8089 25278 16983 9831 0
8093 25290 16992 9836 0
8179 25559 17172 9940 1
8191 25596 17197 9954 0
8192 25599 17199 9956 0
8193 25603 17202 9957 0
8208 25649 17233 9975 0
8236 25737 17292 10009 1
8479 26497 17802 10305 1
8514 26606 17876 10347 0
8523 26634 17894 10358 0
8609 26903 18075 10462 0
8632 26974 18123 10490 0
8679 27122 18222 10548 1
8684 27137 18232 10554 1
8779 27434 18432 10669 0
8801 27503 18478 10696 0
8837 27615 18554 10740 0
8909 27840 18705 10827 1
8917 27865 18722 10837 0
9039 28247 18978 10985 1
9052 28287 19005 11001 1
9160 28624 19232 11132 0
9379 29309 19692 11399 1
9380 29312 19694 11399 0
9421 29440 19780 11449 0
9422 29444 19783 11452 1
9434 29481 19807 11465 0
9448 29525 19837 11482 1
9452 29537 19845 11487 1
9456 29549 19853 11492 0
9486 29644 19917 11529 1
9510 29718 19967 11558 0
9744 30450 20458 11842 1
9776 30550 20525 11881 1
9793 30603 20562 11902 1
9934 31043 20857 12073 0
9938 31056 20866 12078 0
10010 31281 21016 12165 0
10038 31369 21076 12200 1
10082 31506 21168 12253 0
10175 31796 21363 12366 0
10178 31806 21370 12370 0
10240 31999 21499 12445 0
10257 32053 21535 12465 0
10313 32228 21653 12534 0
10317 32240 21661 12538 0
10328 32274 21684 12552 0
10352 32350 21735 12581 1
10371 32409 21774 12604 0
10462 32693 21965 12714 0
10536 32924 22121 12805 0
10724 33512 22516 13033 0
10857 33928 22795 13194 0
10906 34081 22898 13254 1
10923 34134 22933 13275 0
10933 34165 22955 13287 0
10973 34290 23039 13336 0
11007 34396 23110 13377 0
11007 34397 23110 13377 1
11142 34818 23393 13541 0
11158 34869 23428 13562 1
11183 34946 23479 13591 0
11199 34996 23513 13610 0
11211 35034 23538 13625 0
11265 35203 23652 13691 1
11350 35469 23831 13795 1
11425 35703 23988 13885 0
11514 35981 24175 13994 0
11515 35984 24176 13994 0
11597 36240 24349 14094 0
11606 36268 24367 14104 0
11620 36312 24397 14122 0
11700 36562 24565 14220 1
11770 36781 24712 14304 1
11793 36853 24761 14333 1
11844 37012 24867 14394 1
11855 37047 24891 14408 1
11877 37115 24937 14434 1
11896 37175 24977 14457 1
11944 37324 25078 14517 0
11957 37365 25105 14532 1
11958 37368 25107 14533 0
11965 37390 25122 14542 1
12045 37640 25290 14639 1
12057 37678 25315 14653 1
12160 37999 25531 14778 0
12186 38081 25586 14810 1
12203 38134 25621 14830 0
12225 38203 25668 14858 0
12285 38390 25794 14931 1
12302 38444 25829 14951 1
12324 38512 25876 14978 0
12362 38631 25955 15024 1
12370 38656 25972 15034 0
12529 39153 26306 15228 0
12577 39303 26407 15286 0
12591 39347 26436 15302 1
12593 39353 26440 15304 0
12643 39509 26544 15365 0
12689 39653 26642 15422 0
12693 39665 26650 15426 1
12703 39696 26670 15438 0
12706 39706 26678 15442 1
12877 40240 27036 15650 0
12892 40287 27067 15668 1
12900 40312 27085 15679 0
12976 40550 27244 15770 1
12994 40606 27282 15792 1
13079 40871 27460 15895 0
13112 40974 27529 15935 0
13119 40996 27544 15944 0
13174 41169 27660 16011 1
13222 41319 27761 16069 1
13256 41425 27832 16111 1
13277 41490 27876 16136 0
13289 41528 27902 16151 1
13448 42025 28235 16344 1
13459 42059 28258 16357 1
13474 42106 28290 16375 0
13522 42256 28391 16434 1
13550 42344 28450 16469 1
13586 42456 28525 16512 1
13607 42521 28568 16536 0
13618 42556 28592 16551 1
13630 42594 28618 16565 1
13646 42643 28650 16584 0
13660 42687 28681 16602 0
13770 43031 28911 16735 1
13791 43097 28956 16761 1
13827 43209 29031 16805 0
13828 43212 29033 16806 0
13829 43215 29035 16807 0
13836 43237 29050 16816 0
13936 43549 29259 16937 0
13949 43590 29287 16952 0
13967 43646 29325 16975 0
13983 43696 29358 16993 0
14002 43756 29398 17017 0
14003 43759 29400 17018 1
14083 44009 29568 17115 1
14084 44012 29571 17117 0
14126 44143 29658 17168 0
14197 44365 29808 17255 1
14233 44478 29884 17298 1
14284 44637 29990 17360 1
14292 44662 30007 17369 1
14299 44684 30022 17379 1
14393 44978 30220 17493 0
14434 45106 30306 17542 1
14673 45853 30807 17832 0
14749 46090 30967 17925 1
14756 46112 30981 17933 1
14847 46397 31172 18044 1
14971 46784 31433 18195 0
14986 46831 31465 18214 0
15038 46993 31573 18276 0
15079 47121 31659 18326 0
15086 47143 31674 18334 0
15160 47375 31830 18424 1
15187 47459 31886 18457 0
15225 47578 31967 18504 0
15427 48209 32390 18749 0
15489 48403 32521 18825 1
15514 48481 32573 18855 0
15676 48987 32912 19051 1
15733 49165 33033 19122 0
15742 49193 33052 19132 0
15921 49753 33428 19350 1
15947 49834 33482 19381 0
16013 50040 33620 19461 0
16030 50093 33656 19482 0
16039 50121 33675 19493 0
16120 50375 33845 19591 1
16139 50434 33885 19614 0
16181 50565 33974 19666 1
16192 50600 33997 19679 1
16215 50671 34044 19706 0
16257 50803 34133 19758 1
16260 50812 34139 19761 0
16278 50868 34177 19783 0
16375 51172 34381 19901 1
16383 51196 34397 19911 0
16384 51199 34399 19912 0
16384 51200 34400 19912 1
16385 51203 34402 19914 0
16448 51399 34534 19989 0
16459 51434 34557 20004 1
16460 51437 34559 20004 1
16470 51468 34580 20017 0
16486 51519 34614 20036 1
16576 51800 34803 20146 1
16632 51974 34920 20214 0
16733 52290 35132 20336 1
16782 52444 35236 20396 1
16806 52518 35285 20424 0
16841 52628 35360 20468 0
16866 52706 35412 20498 1
16939 52934 35565 20587 1
16993 53103 35678 20652 1
17018 53181 35731 20683 1
17047 53272 35792 20718 1
17087 53396 35875 20766 0
17162 53631 36033 20857 0
17196 53737 36105 20900 0
17241 53878 36199 20954 0
17269 53965 36258 20988 1
17292 54037 36306 21016 0
17363 54259 36455 21102 0
17424 54449 36583 21176 0
17551 54847 36850 21331 1
17553 54853 36855 21334 1
17630 55094 37016 21426 1
17648 55150 37054 21449 1
17684 55262 37129 21492 1
17777 55553 37325 21605 1
17804 55637 37381 21638 0
17849 55778 37476 21693 0
17915 55984 37614 21773 0
18141 56690 38089 22048 0
18200 56875 38212 22119 1
18333 57290 38492 22281 0
18352 57349 38531 22303 0
18373 57415 38575 22329 0
18414 57544 38663 22380 1
18463 57697 38765 22439 1
18625 58203 39105 22635 0
18661 58315 39180 22680 1
18699 58434 39260 22725 0
18706 58456 39275 22734 1
18710 58469 39284 22739 1
18740 58562 39346 22775 1
18810 58781 39493 22860 1
18908 59087 39699 22979 0
18913 59103 39710 22986 1
18947 59209 39781 23027 1
18963 59259 39814 23046 1
18994 59356 39880 23085 1
19042 59506 39981 23143 1
19062 59569 40023 23167 1
19192 59975 40295 23325 1
19208 60025 40329 23344 1
19260 60187 40437 23407 1
19301 60315 40524 23457 1
19311 60346 40545 23469 0
19343 60446 40612 23508 0
19531 61034 41007 23737 1
19663 61447 41284 23897 1
19695 61546 41351 23936 0
19715 61609 41393 23960 1
19765 61765 41499 24022 0
19780 61812 41530 24040 0
19832 61975 41639 24103 1
19844 62012 41664 24117 0
19854 62044 41686 24130 1
19861 62065 41700 24138 1
19872 62099 41723 24151 0
19899 62184 41779 24184 1
19906 62206 41795 24193 1
19913 62228 41810 24202 1
19968 62399 41924 24268 0
19993 62478 41977 24298 0
20091 62784 42183 24418 0
20093 62790 42187 24419 0
20094 62793 42189 24421 0
20111 62847 42225 24442 1
20136 62925 42277 24472 1
20196 63112 42404 24546 0
20206 63143 42424 24557 0
20222 63194 42458 24577 1
20274 63356 42567 24640 1
20335 63547 42696 24715 1
20399 63746 42829 24792 0
20434 63856 42903 24834 1
20475 63984 42989 24884 1
20478 63993 42995 24887 0
20490 64031 43021 24902 1
20621 64440 43296 25062 1
20650 64531 43356 25097 1
20698 64681 43457 25155 0
20721 64753 43506 25184 1
20777 64928 43623 25252 0
20814 65044 43701 25296 1
20846 65144 43769 25335 1
21002 65631 44096 25525 1
21014 65668 44120 25539 0
21016 65675 44125 25541 1
21043 65759 44181 25574 1
21079 65871 44256 25618 0
21129 66028 44363 25679 0
21137 66053 44380 25689 1
21145 66078 44397 25699 1
21164 66137 44436 25722 1
21165 66140 44438 25723 1
21234 66356 44583 25807 1
21257 66428 44632 25836 1
21273 66478 44665 25854 1
21295 66546 44710 25880 0
21348 66712 44822 25945 1
21499 67184 45139 26128 0
21563 67384 45273 26206 0
21668 67712 45494 26334 1
21732 67912 45629 26412 0
21744 67950 45654 26427 1
21802 68131 45775 26497 1
21803 68134 45778 26498 1
21808 68150 45788 26505 1
21961 68628 46110 26690 1
22205 69390 46622 26987 0
22268 69587 46754 27063 0
22408 70025 47047 27232 1
22434 70106 47103 27265 1
22463 70196 47163 27300 0
22529 70403 47302 27381 1
22544 70449 47333 27398 0
22559 70496 47364 27417 0
22579 70559 47406 27441 1
22705 70953 47672 27595 1
22911 71596 48103 27844 0
22917 71615 48117 27852 1
22919 71621 48120 27854 0
22936 71675 48156 27875 1
22944 71699 48173 27885 0
22973 71790 48234 27920 1
23054 72044 48404 28019 1
23059 72059 48414 28024 0
23062 72069 48421 28028 1
23125 72265 48553 28105 0
23159 72371 48624 28146 0
23188 72462 48685 28182 1
23284 72762 48887 28298 1
23289 72778 48898 28304 0
23368 73024 49063 28400 0
23386 73081 49101 28422 1
23428 73212 49189 28473 1
23445 73265 49225 28494 0
23776 74299 49920 28896 0
23817 74428 50007 28947 0
23883 74634 50144 29026 0
23923 74759 50228 29074 0
24057 75178 50510 29237 0
24095 75296 50589 29284 0
24264 75824 50944 29489 0
24301 75940 51022 29534 1
24314 75981 51050 29550 1
24439 76372 51312 29702 1
24498 76556 51436 29773 0
24585 76828 51619 29879 1
24661 77065 51778 29972 0
24714 77231 51890 30037 1
24718 77243 51897 30041 0
24780 77437 52027 30116 1
24839 77621 52151 30188 0
25014 78168 52519 30401 0
25020 78187 52531 30407 1
25054 78293 52603 30449 0
25150 78594 52805 30566 1
25232 78850 52977 30666 1
25280 79000 53078 30725 1
25339 79184 53201 30795 0
25387 79334 53302 30854 0
25395 79359 53319 30863 0
25586 79956 53720 31095 0
25591 79971 53730 31102 0
25600 79999 53749 31113 0
25645 80140 53844 31168 0
25648 80149 53850 31171 0
25660 80187 53876 31186 0
25677 80240 53911 31206 0
25704 80325 53968 31240 1
25755 80484 54075 31301 1
25826 80706 54225 31388 1
26011 81284 54613 31613 0
26020 81312 54632 31624 0
26106 81581 54812 31728 1
26135 81672 54873 31763 1
26177 81803 54962 31815 1
26242 82006 55098 31893 1
26276 82112 55169 31934 0
26341 82315 55305 32014 0
26407 82521 55443 32093 0
26503 82821 55645 32210 0
26504 82824 55648 32212 0
26610 83156 55870 32340 1
26631 83222 55914 32366 1
26650 83281 55954 32389 0
26670 83343 55996 32413 0
26728 83524 56118 32484 0
26742 83568 56147 32501 0
26756 83612 56177 32517 0
26765 83640 56195 32529 0
26775 83672 56217 32541 1
26838 83869 56349 32618 1
26850 83906 56374 32633 0
26869 83965 56414 32655 1
26921 84128 56523 32718 0
26922 84131 56525 32719 1
26981 84315 56649 32791 1
26986 84331 56660 32798 0
27049 84528 56792 32874 0
27141 84815 56985 32985 0
27155 84859 57014 33003 1
27193 84978 57095 33049 0
27254 85169 57223 33123 1
27300 85312 57319 33179 1
27420 85687 57571 33325 1
27444 85762 57622 33354 0
27461 85815 57657 33374 0
27511 85971 57761 33435 0
27567 86147 57880 33504 1
27591 86222 57930 33533 1
27608 86275 57965 33553 1
27649 86403 58052 33603 1
27844 87012 58461 33840 1
27863 87071 58500 33862 0
27874 87106 58525 33877 1
27880 87125 58537 33884 1
27911 87221 58601 33921 0
27966 87393 58717 33988 0
27973 87415 58732 33997 0
28056 87675 58906 34098 1
28084 87762 58965 34132 1
28112 87850 59024 34166 1
28141 87940 59085 34201 0
28185 88078 59178 34255 1
28202 88131 59213 34275 0
28223 88197 59257 34301 1
28333 88540 59488 34435 1
28335 88546 59491 34436 0
28374 88668 59573 34484 0
28409 88778 59648 34527 0
28417 88803 59665 34537 1
28471 88971 59777 34602 0
28601 89378 60051 34761 1
28697 89678 60252 34877 0
28720 89749 60300 34905 0
28766 89893 60397 34961 0
28772 89912 60409 34968 1
28789 89965 60445 34989 1
28812 90037 60494 35017 0
28883 90259 60643 35103 1
28893 90290 60664 35116 1
28952 90474 60788 35187 0
28954 90481 60791 35189 0
28973 90540 60832 35212 1
29061 90815 61016 35319 0
29081 90878 61059 35344 1
29095 90922 61088 35361 1
29159 91121 61221 35438 0
29240 91375 61392 35536 1
29251 91409 61415 35550 1
29256 91424 61426 35556 0
29271 91471 61456 35574 0
29284 91512 61485 35591 0
29379 91809 61684 35706 1
29386 91831 61699 35714 1
29435 91984 61801 35773 1
29440 91999 61812 35780 0
29551 92346 62045 35915 0
29576 92424 62098 35945 0
29589 92465 62125 35960 0
29732 92912 62425 36135 1
29768 93025 62500 36179 1
29807 93146 62582 36226 0
29852 93287 62677 36281 0
29853 93290 62679 36281 0
29933 93540 62847 36379 0
29935 93546 62851 36381 0
29991 93721 62968 36448 0
30004 93762 62996 36465 1
30008 93774 63004 36470 0
30042 93881 63076 36511 0
30054 93918 63101 36526 0
30055 93922 63104 36528 1
30142 94194 63286 36633 1
30165 94265 63334 36661 1
30184 94324 63374 36684 0
30190 94344 63388 36692 1
30298 94681 63614 36823 1
30301 94690 63620 36826 0
30360 94875 63744 36898 1
30517 95365 64074 37089 1
30543 95446 64128 37120 0
30661 95815 64375 37264 0
30674 95856 64403 37279 1
30675 95859 64405 37281 1
30760 96124 64584 37384 0
30790 96218 64647 37421 0
30807 96271 64681 37441 0
30847 96397 64766 37490 1
30862 96443 64797 37507 0
30890 96531 64856 37542 0
30978 96806 65041 37649 1
31004 96887 65096 37681 0
31053 97040 65199 37740 1
31196 97487 65499 37914 1
31230 97594 65571 37956 1
31281 97753 65678 38017 0
31319 97872 65757 38064 1
31374 98043 65872 38130 0
31393 98103 65913 38153 0
31399 98121 65925 38160 0
31401 98128 65930 38164 0
31468 98337 66070 38245 1
31470 98344 66075 38247 1
31542 98569 66226 38335 1
31566 98644 66276 38363 1
31589 98715 66324 38391 1
31605 98765 66358 38412 0
31652 98912 66457 38468 0
31666 98956 66486 38485 0
31697 99053 66552 38524 1
31729 99153 66618 38562 0
31760 99249 66683 38599 0
31829 99465 66828 38683 0
31845 99515 66862 38703 1
31861 99565 66895 38722 1
31904 99699 66986 38775 0
31924 99762 67028 38799 0
31966 99894 67116 38850 1
32018 100056 67225 38913 0
32116 100362 67431 39033 1
32132 100412 67464 39051 0
32148 100462 67498 39072 0
32293 100915 67802 39247 1
32304 100949 67825 39260 0
32342 101069 67906 39307 1
32425 101328 68080 39408 0
32452 101412 68136 39440 0
32471 101472 68176 39463 1
32497 101553 68231 39496 1
32522 101631 68283 39525 0
32594 101856 68435 39614 0
32604 101887 68455 39625 1
32635 101984 68520 39663 1
32669 102090 68592 39704 1
32692 102162 68641 39733 0
32767 102396 68797 39823 0
