tests/eg_lock/hw/att_slow 44c9
6 0 0 0 31 15 0 0
4 0 0 0 31 15 0 0
2 0 0 0 31 15 0 0
1 0 0 0 31 15 0 0
tests/eg_lock/hw/att_mid 3f0e
22 0 0 0 31 15 0 0
20 0 0 0 31 15 0 0
18 0 0 0 31 15 0 0
16 0 0 0 31 15 0 0
tests/eg_lock/hw/odd_att afdf
22 0 0 0 31 0 0 512
24 0 0 0 31 0 0 512
26 0 0 0 31 0 0 512
28 0 0 0 31 0 0 512
tests/eg_lock/hw/odd_att3 7d3a
23 0 0 0 31 0 0 512
25 0 0 0 31 0 0 512
27 0 0 0 31 0 0 512
29 0 0 0 31 0 0 512
tests/eg_lock/hw/odd_same 4a7b
24 0 0 0 31 0 0 512
24 0 0 0 31 0 0 512
24 0 0 0 31 0 0 512
24 0 0 0 31 0 0 512
tests/eg_lock/hw/odd_same2 744b
24 0 0 0 31 0 0 512
24 0 0 0 31 0 0 512
24 0 0 0 31 0 0 512
24 0 0 0 31 0 0 512
tests/eg_lock/hw/odd_dec 9df5
31 24 31 0 31 0 0 512
31 26 31 0 31 0 0 512
31 28 31 0 31 0 0 512
31 22 31 0 31 0 0 512
